4.040000000000000000e+03
4.030000000000000000e+03
4.010000000000000000e+03
3.980000000000000000e+03
3.970000000000000000e+03
3.950000000000000000e+03
3.930000000000000000e+03
3.920000000000000000e+03
3.910000000000000000e+03
3.900000000000000000e+03
3.880000000000000000e+03
3.870000000000000000e+03
3.860000000000000000e+03
3.860000000000000000e+03
3.850000000000000000e+03
3.840000000000000000e+03
3.830000000000000000e+03
3.820000000000000000e+03
3.820000000000000000e+03
3.810000000000000000e+03
3.810000000000000000e+03
3.800000000000000000e+03
3.800000000000000000e+03
3.790000000000000000e+03
3.790000000000000000e+03
3.780000000000000000e+03
3.770000000000000000e+03
3.770000000000000000e+03
3.760000000000000000e+03
3.760000000000000000e+03
3.760000000000000000e+03
3.760000000000000000e+03
3.750000000000000000e+03
3.740000000000000000e+03
3.740000000000000000e+03
3.740000000000000000e+03
3.730000000000000000e+03
3.730000000000000000e+03
3.730000000000000000e+03
3.730000000000000000e+03
3.720000000000000000e+03
3.720000000000000000e+03
3.710000000000000000e+03
3.710000000000000000e+03
3.710000000000000000e+03
3.710000000000000000e+03
3.700000000000000000e+03
3.700000000000000000e+03
3.690000000000000000e+03
3.690000000000000000e+03
3.690000000000000000e+03
3.690000000000000000e+03
3.690000000000000000e+03
3.680000000000000000e+03
3.680000000000000000e+03
3.680000000000000000e+03
3.670000000000000000e+03
3.680000000000000000e+03
3.670000000000000000e+03
3.670000000000000000e+03
3.660000000000000000e+03
3.670000000000000000e+03
3.660000000000000000e+03
3.650000000000000000e+03
3.660000000000000000e+03
3.650000000000000000e+03
3.650000000000000000e+03
3.650000000000000000e+03
3.640000000000000000e+03
3.650000000000000000e+03
3.640000000000000000e+03
3.640000000000000000e+03
3.630000000000000000e+03
3.630000000000000000e+03
3.630000000000000000e+03
3.630000000000000000e+03
3.620000000000000000e+03
3.630000000000000000e+03
3.620000000000000000e+03
3.620000000000000000e+03
3.610000000000000000e+03
3.610000000000000000e+03
3.610000000000000000e+03
3.610000000000000000e+03
3.610000000000000000e+03
3.600000000000000000e+03
3.600000000000000000e+03
3.600000000000000000e+03
3.600000000000000000e+03
3.590000000000000000e+03
3.590000000000000000e+03
3.590000000000000000e+03
3.590000000000000000e+03
3.590000000000000000e+03
3.580000000000000000e+03
3.580000000000000000e+03
3.580000000000000000e+03
3.580000000000000000e+03
3.570000000000000000e+03
3.570000000000000000e+03
3.570000000000000000e+03
3.570000000000000000e+03
3.560000000000000000e+03
3.560000000000000000e+03
3.560000000000000000e+03
3.560000000000000000e+03
3.560000000000000000e+03
3.550000000000000000e+03
3.550000000000000000e+03
3.550000000000000000e+03
3.550000000000000000e+03
3.550000000000000000e+03
3.540000000000000000e+03
3.540000000000000000e+03
3.540000000000000000e+03
3.530000000000000000e+03
3.530000000000000000e+03
3.530000000000000000e+03
3.530000000000000000e+03
3.530000000000000000e+03
3.520000000000000000e+03
3.520000000000000000e+03
3.520000000000000000e+03
3.520000000000000000e+03
3.520000000000000000e+03
3.520000000000000000e+03
3.510000000000000000e+03
3.510000000000000000e+03
3.510000000000000000e+03
3.500000000000000000e+03
3.500000000000000000e+03
3.500000000000000000e+03
3.500000000000000000e+03
3.510000000000000000e+03
3.500000000000000000e+03
3.490000000000000000e+03
3.490000000000000000e+03
3.500000000000000000e+03
3.500000000000000000e+03
3.490000000000000000e+03
3.480000000000000000e+03
3.480000000000000000e+03
3.480000000000000000e+03
3.480000000000000000e+03
3.470000000000000000e+03
3.470000000000000000e+03
3.470000000000000000e+03
3.470000000000000000e+03
3.470000000000000000e+03
3.470000000000000000e+03
3.470000000000000000e+03
3.460000000000000000e+03
3.460000000000000000e+03
3.460000000000000000e+03
3.450000000000000000e+03
3.450000000000000000e+03
3.450000000000000000e+03
3.440000000000000000e+03
3.440000000000000000e+03
3.450000000000000000e+03
3.440000000000000000e+03
3.430000000000000000e+03
3.440000000000000000e+03
3.440000000000000000e+03
3.430000000000000000e+03
3.430000000000000000e+03
3.430000000000000000e+03
3.430000000000000000e+03
3.420000000000000000e+03
3.420000000000000000e+03
3.420000000000000000e+03
3.420000000000000000e+03
3.410000000000000000e+03
3.410000000000000000e+03
3.410000000000000000e+03
3.400000000000000000e+03
3.400000000000000000e+03
3.400000000000000000e+03
3.400000000000000000e+03
3.390000000000000000e+03
3.390000000000000000e+03
3.390000000000000000e+03
3.380000000000000000e+03
3.380000000000000000e+03
3.380000000000000000e+03
3.380000000000000000e+03
3.370000000000000000e+03
3.370000000000000000e+03
3.370000000000000000e+03
3.370000000000000000e+03
3.360000000000000000e+03
3.360000000000000000e+03
3.360000000000000000e+03
3.350000000000000000e+03
3.350000000000000000e+03
3.350000000000000000e+03
3.340000000000000000e+03
3.340000000000000000e+03
3.340000000000000000e+03
3.340000000000000000e+03
3.330000000000000000e+03
3.330000000000000000e+03
3.330000000000000000e+03
3.320000000000000000e+03
3.320000000000000000e+03
3.310000000000000000e+03
3.320000000000000000e+03
3.300000000000000000e+03
3.300000000000000000e+03
3.290000000000000000e+03
3.300000000000000000e+03
3.280000000000000000e+03
3.290000000000000000e+03
3.290000000000000000e+03
3.270000000000000000e+03
3.280000000000000000e+03
3.270000000000000000e+03
3.280000000000000000e+03
3.270000000000000000e+03
3.270000000000000000e+03
3.250000000000000000e+03
3.250000000000000000e+03
3.240000000000000000e+03
3.240000000000000000e+03
3.230000000000000000e+03
3.230000000000000000e+03
3.210000000000000000e+03
3.220000000000000000e+03
3.210000000000000000e+03
3.210000000000000000e+03
3.190000000000000000e+03
3.190000000000000000e+03
3.180000000000000000e+03
3.180000000000000000e+03
3.170000000000000000e+03
3.160000000000000000e+03
3.160000000000000000e+03
3.140000000000000000e+03
3.140000000000000000e+03
3.120000000000000000e+03
3.110000000000000000e+03
3.100000000000000000e+03
3.100000000000000000e+03
3.080000000000000000e+03
3.080000000000000000e+03
3.070000000000000000e+03
3.060000000000000000e+03
3.050000000000000000e+03
3.040000000000000000e+03
3.040000000000000000e+03
3.030000000000000000e+03
3.020000000000000000e+03
3.010000000000000000e+03
2.990000000000000000e+03
2.990000000000000000e+03
2.990000000000000000e+03
2.970000000000000000e+03
2.960000000000000000e+03
2.950000000000000000e+03
2.940000000000000000e+03
2.930000000000000000e+03
2.930000000000000000e+03
2.910000000000000000e+03
2.910000000000000000e+03
2.900000000000000000e+03
2.890000000000000000e+03
2.870000000000000000e+03
