4.040000000000000000e+03
4.020000000000000000e+03
3.990000000000000000e+03
3.970000000000000000e+03
3.940000000000000000e+03
3.920000000000000000e+03
3.900000000000000000e+03
3.880000000000000000e+03
3.870000000000000000e+03
3.860000000000000000e+03
3.850000000000000000e+03
3.830000000000000000e+03
3.820000000000000000e+03
3.810000000000000000e+03
3.800000000000000000e+03
3.790000000000000000e+03
3.790000000000000000e+03
3.770000000000000000e+03
3.770000000000000000e+03
3.750000000000000000e+03
3.750000000000000000e+03
3.740000000000000000e+03
3.740000000000000000e+03
3.730000000000000000e+03
3.730000000000000000e+03
3.720000000000000000e+03
3.710000000000000000e+03
3.700000000000000000e+03
3.700000000000000000e+03
3.690000000000000000e+03
3.690000000000000000e+03
3.690000000000000000e+03
3.680000000000000000e+03
3.670000000000000000e+03
3.660000000000000000e+03
3.660000000000000000e+03
3.650000000000000000e+03
3.650000000000000000e+03
3.650000000000000000e+03
3.640000000000000000e+03
3.640000000000000000e+03
3.630000000000000000e+03
3.620000000000000000e+03
3.620000000000000000e+03
3.610000000000000000e+03
3.620000000000000000e+03
3.610000000000000000e+03
3.600000000000000000e+03
3.590000000000000000e+03
3.590000000000000000e+03
3.590000000000000000e+03
3.590000000000000000e+03
3.580000000000000000e+03
3.580000000000000000e+03
3.570000000000000000e+03
3.570000000000000000e+03
3.550000000000000000e+03
3.550000000000000000e+03
3.550000000000000000e+03
3.540000000000000000e+03
3.550000000000000000e+03
3.540000000000000000e+03
3.540000000000000000e+03
3.520000000000000000e+03
3.520000000000000000e+03
3.520000000000000000e+03
3.510000000000000000e+03
3.500000000000000000e+03
3.500000000000000000e+03
3.500000000000000000e+03
3.490000000000000000e+03
3.490000000000000000e+03
3.480000000000000000e+03
3.480000000000000000e+03
3.470000000000000000e+03
3.470000000000000000e+03
3.460000000000000000e+03
3.460000000000000000e+03
3.450000000000000000e+03
3.440000000000000000e+03
3.420000000000000000e+03
3.410000000000000000e+03
3.400000000000000000e+03
3.390000000000000000e+03
3.380000000000000000e+03
3.370000000000000000e+03
3.360000000000000000e+03
3.350000000000000000e+03
3.330000000000000000e+03
3.320000000000000000e+03
3.310000000000000000e+03
3.290000000000000000e+03
3.290000000000000000e+03
3.270000000000000000e+03
3.260000000000000000e+03
3.230000000000000000e+03
3.230000000000000000e+03
3.220000000000000000e+03
3.210000000000000000e+03
3.210000000000000000e+03
3.200000000000000000e+03
3.190000000000000000e+03
3.180000000000000000e+03
3.170000000000000000e+03
3.160000000000000000e+03
3.140000000000000000e+03
3.150000000000000000e+03
3.150000000000000000e+03
3.120000000000000000e+03
3.120000000000000000e+03
3.110000000000000000e+03
3.100000000000000000e+03
3.100000000000000000e+03
3.070000000000000000e+03
3.070000000000000000e+03
3.060000000000000000e+03
3.050000000000000000e+03
3.040000000000000000e+03
3.030000000000000000e+03
3.020000000000000000e+03
3.010000000000000000e+03
3.000000000000000000e+03
2.990000000000000000e+03
2.980000000000000000e+03
2.990000000000000000e+03
2.960000000000000000e+03
2.940000000000000000e+03
2.930000000000000000e+03
2.920000000000000000e+03
2.920000000000000000e+03
2.900000000000000000e+03
2.870000000000000000e+03
2.860000000000000000e+03
2.850000000000000000e+03
2.860000000000000000e+03
2.820000000000000000e+03
2.800000000000000000e+03
2.800000000000000000e+03
2.790000000000000000e+03
2.770000000000000000e+03
2.760000000000000000e+03
2.720000000000000000e+03
2.700000000000000000e+03
2.690000000000000000e+03
2.670000000000000000e+03
2.650000000000000000e+03
2.630000000000000000e+03
2.610000000000000000e+03
2.590000000000000000e+03
2.570000000000000000e+03
2.550000000000000000e+03
2.530000000000000000e+03
2.500000000000000000e+03
2.470000000000000000e+03
2.450000000000000000e+03
2.430000000000000000e+03
2.400000000000000000e+03
2.380000000000000000e+03
2.350000000000000000e+03
2.320000000000000000e+03
2.280000000000000000e+03
2.250000000000000000e+03
2.230000000000000000e+03
2.190000000000000000e+03
2.160000000000000000e+03
2.130000000000000000e+03
2.090000000000000000e+03
2.060000000000000000e+03
2.030000000000000000e+03
2.000000000000000000e+03
1.970000000000000000e+03
1.930000000000000000e+03
1.890000000000000000e+03
1.850000000000000000e+03
1.820000000000000000e+03
1.780000000000000000e+03
1.750000000000000000e+03
1.710000000000000000e+03
1.670000000000000000e+03
1.640000000000000000e+03
1.600000000000000000e+03
1.560000000000000000e+03
1.520000000000000000e+03
1.480000000000000000e+03
1.450000000000000000e+03
1.410000000000000000e+03
1.380000000000000000e+03
1.350000000000000000e+03
1.320000000000000000e+03
1.290000000000000000e+03
1.260000000000000000e+03
1.230000000000000000e+03
1.200000000000000000e+03
1.170000000000000000e+03
1.140000000000000000e+03
1.120000000000000000e+03
1.090000000000000000e+03
1.070000000000000000e+03
1.040000000000000000e+03
1.000000000000000000e+03
1.920000000000000000e+02
1.690000000000000000e+02
1.600000000000000000e+02
1.530000000000000000e+02
1.500000000000000000e+02
1.460000000000000000e+02
1.450000000000000000e+02
1.420000000000000000e+02
1.430000000000000000e+02
1.440000000000000000e+02
1.440000000000000000e+02
1.410000000000000000e+02
1.400000000000000000e+02
1.370000000000000000e+02
1.340000000000000000e+02
1.310000000000000000e+02
1.280000000000000000e+02
1.240000000000000000e+02
1.220000000000000000e+02
1.220000000000000000e+02
1.230000000000000000e+02
1.240000000000000000e+02
1.240000000000000000e+02
1.250000000000000000e+02
1.240000000000000000e+02
1.210000000000000000e+02
1.190000000000000000e+02
1.180000000000000000e+02
1.170000000000000000e+02
1.140000000000000000e+02
1.130000000000000000e+02
1.120000000000000000e+02
1.130000000000000000e+02
1.150000000000000000e+02
1.150000000000000000e+02
1.160000000000000000e+02
1.150000000000000000e+02
1.130000000000000000e+02
1.130000000000000000e+02
1.120000000000000000e+02
1.110000000000000000e+02
1.100000000000000000e+02
1.090000000000000000e+02
1.080000000000000000e+02
1.070000000000000000e+02
1.070000000000000000e+02
1.070000000000000000e+02
1.070000000000000000e+02
1.070000000000000000e+02
1.070000000000000000e+02
1.060000000000000000e+02
1.050000000000000000e+02
1.040000000000000000e+02
1.030000000000000000e+02
1.020000000000000000e+02
1.010000000000000000e+02
9.900000000000000000e+01
9.790000000000000568e+01
9.609999999999999432e+01
9.490000000000000568e+01
9.409999999999999432e+01
9.320000000000000284e+01
9.290000000000000568e+01
9.200000000000000000e+01
9.129999999999999716e+01
9.020000000000000284e+01
8.979999999999999716e+01
8.879999999999999716e+01
8.820000000000000284e+01
8.729999999999999716e+01
8.679999999999999716e+01
8.629999999999999716e+01
8.650000000000000000e+01
8.620000000000000284e+01
8.570000000000000284e+01
8.570000000000000284e+01
8.529999999999999716e+01
8.520000000000000284e+01
8.370000000000000284e+01
8.300000000000000000e+01
8.250000000000000000e+01
8.159999999999999432e+01
8.079999999999999716e+01
8.109999999999999432e+01
8.109999999999999432e+01
8.029999999999999716e+01
8.070000000000000284e+01
8.140000000000000568e+01
8.120000000000000284e+01
8.090000000000000568e+01
8.100000000000000000e+01
7.979999999999999716e+01
7.890000000000000568e+01
7.850000000000000000e+01
7.820000000000000284e+01
7.729999999999999716e+01
7.690000000000000568e+01
7.759999999999999432e+01
7.679999999999999716e+01
7.609999999999999432e+01
7.709999999999999432e+01
