4.050000000000000000e+03
4.040000000000000000e+03
4.020000000000000000e+03
4.010000000000000000e+03
4.000000000000000000e+03
3.980000000000000000e+03
3.960000000000000000e+03
3.950000000000000000e+03
3.940000000000000000e+03
3.930000000000000000e+03
3.920000000000000000e+03
3.910000000000000000e+03
3.900000000000000000e+03
3.890000000000000000e+03
3.880000000000000000e+03
3.870000000000000000e+03
3.870000000000000000e+03
3.870000000000000000e+03
3.860000000000000000e+03
3.850000000000000000e+03
3.840000000000000000e+03
3.840000000000000000e+03
3.840000000000000000e+03
3.830000000000000000e+03
3.830000000000000000e+03
3.820000000000000000e+03
3.820000000000000000e+03
3.820000000000000000e+03
3.810000000000000000e+03
3.810000000000000000e+03
3.800000000000000000e+03
3.800000000000000000e+03
3.800000000000000000e+03
3.790000000000000000e+03
3.790000000000000000e+03
3.780000000000000000e+03
3.780000000000000000e+03
3.780000000000000000e+03
3.780000000000000000e+03
3.780000000000000000e+03
3.770000000000000000e+03
3.770000000000000000e+03
3.770000000000000000e+03
3.760000000000000000e+03
3.760000000000000000e+03
3.760000000000000000e+03
3.760000000000000000e+03
3.760000000000000000e+03
3.750000000000000000e+03
3.750000000000000000e+03
3.750000000000000000e+03
3.740000000000000000e+03
3.750000000000000000e+03
3.740000000000000000e+03
3.740000000000000000e+03
3.740000000000000000e+03
3.740000000000000000e+03
3.730000000000000000e+03
3.730000000000000000e+03
3.730000000000000000e+03
3.730000000000000000e+03
3.730000000000000000e+03
3.720000000000000000e+03
3.720000000000000000e+03
3.720000000000000000e+03
3.710000000000000000e+03
3.720000000000000000e+03
3.710000000000000000e+03
3.710000000000000000e+03
3.710000000000000000e+03
3.710000000000000000e+03
3.700000000000000000e+03
3.710000000000000000e+03
3.700000000000000000e+03
3.700000000000000000e+03
3.700000000000000000e+03
3.700000000000000000e+03
3.700000000000000000e+03
3.700000000000000000e+03
3.700000000000000000e+03
3.700000000000000000e+03
3.690000000000000000e+03
3.690000000000000000e+03
3.690000000000000000e+03
3.690000000000000000e+03
3.690000000000000000e+03
3.680000000000000000e+03
3.680000000000000000e+03
3.680000000000000000e+03
3.680000000000000000e+03
3.680000000000000000e+03
3.680000000000000000e+03
3.680000000000000000e+03
3.680000000000000000e+03
3.670000000000000000e+03
3.670000000000000000e+03
3.660000000000000000e+03
3.670000000000000000e+03
3.670000000000000000e+03
3.670000000000000000e+03
3.660000000000000000e+03
3.660000000000000000e+03
3.660000000000000000e+03
3.660000000000000000e+03
3.660000000000000000e+03
3.660000000000000000e+03
3.660000000000000000e+03
3.660000000000000000e+03
3.650000000000000000e+03
3.650000000000000000e+03
3.650000000000000000e+03
3.650000000000000000e+03
3.660000000000000000e+03
3.650000000000000000e+03
3.650000000000000000e+03
3.650000000000000000e+03
3.650000000000000000e+03
3.650000000000000000e+03
3.640000000000000000e+03
3.640000000000000000e+03
3.640000000000000000e+03
3.640000000000000000e+03
3.640000000000000000e+03
3.640000000000000000e+03
3.630000000000000000e+03
3.640000000000000000e+03
3.640000000000000000e+03
3.630000000000000000e+03
3.630000000000000000e+03
3.640000000000000000e+03
3.630000000000000000e+03
3.630000000000000000e+03
3.630000000000000000e+03
3.630000000000000000e+03
3.640000000000000000e+03
3.630000000000000000e+03
3.620000000000000000e+03
3.630000000000000000e+03
3.630000000000000000e+03
3.630000000000000000e+03
3.630000000000000000e+03
3.620000000000000000e+03
3.620000000000000000e+03
3.620000000000000000e+03
3.620000000000000000e+03
3.620000000000000000e+03
3.610000000000000000e+03
3.620000000000000000e+03
3.610000000000000000e+03
3.610000000000000000e+03
3.610000000000000000e+03
3.610000000000000000e+03
3.610000000000000000e+03
3.610000000000000000e+03
3.610000000000000000e+03
3.600000000000000000e+03
3.610000000000000000e+03
3.610000000000000000e+03
3.610000000000000000e+03
3.610000000000000000e+03
3.600000000000000000e+03
3.600000000000000000e+03
3.610000000000000000e+03
3.600000000000000000e+03
3.600000000000000000e+03
3.600000000000000000e+03
3.600000000000000000e+03
3.590000000000000000e+03
3.590000000000000000e+03
3.600000000000000000e+03
3.600000000000000000e+03
3.600000000000000000e+03
3.590000000000000000e+03
3.590000000000000000e+03
3.590000000000000000e+03
3.590000000000000000e+03
3.590000000000000000e+03
3.590000000000000000e+03
3.590000000000000000e+03
3.590000000000000000e+03
3.590000000000000000e+03
3.580000000000000000e+03
3.580000000000000000e+03
3.580000000000000000e+03
3.580000000000000000e+03
3.580000000000000000e+03
3.580000000000000000e+03
3.580000000000000000e+03
3.580000000000000000e+03
3.580000000000000000e+03
3.580000000000000000e+03
3.570000000000000000e+03
3.570000000000000000e+03
3.570000000000000000e+03
3.570000000000000000e+03
3.570000000000000000e+03
3.570000000000000000e+03
3.570000000000000000e+03
3.570000000000000000e+03
3.570000000000000000e+03
3.570000000000000000e+03
3.570000000000000000e+03
3.560000000000000000e+03
3.570000000000000000e+03
3.570000000000000000e+03
3.570000000000000000e+03
3.560000000000000000e+03
3.570000000000000000e+03
3.560000000000000000e+03
3.550000000000000000e+03
3.570000000000000000e+03
3.550000000000000000e+03
3.560000000000000000e+03
3.560000000000000000e+03
3.550000000000000000e+03
3.560000000000000000e+03
3.560000000000000000e+03
3.550000000000000000e+03
3.550000000000000000e+03
3.560000000000000000e+03
3.550000000000000000e+03
3.550000000000000000e+03
3.550000000000000000e+03
3.540000000000000000e+03
3.550000000000000000e+03
3.550000000000000000e+03
3.550000000000000000e+03
3.550000000000000000e+03
3.540000000000000000e+03
3.550000000000000000e+03
3.540000000000000000e+03
3.550000000000000000e+03
3.540000000000000000e+03
3.550000000000000000e+03
3.540000000000000000e+03
3.540000000000000000e+03
3.540000000000000000e+03
3.540000000000000000e+03
3.530000000000000000e+03
3.540000000000000000e+03
3.540000000000000000e+03
3.540000000000000000e+03
3.540000000000000000e+03
3.540000000000000000e+03
3.540000000000000000e+03
3.530000000000000000e+03
3.540000000000000000e+03
3.520000000000000000e+03
3.540000000000000000e+03
3.540000000000000000e+03
3.530000000000000000e+03
3.530000000000000000e+03
3.520000000000000000e+03
3.530000000000000000e+03
3.510000000000000000e+03
3.530000000000000000e+03
3.520000000000000000e+03
3.530000000000000000e+03
3.520000000000000000e+03
3.520000000000000000e+03
3.510000000000000000e+03
3.530000000000000000e+03
3.520000000000000000e+03
3.520000000000000000e+03
3.520000000000000000e+03
3.520000000000000000e+03
3.520000000000000000e+03
