35.06084
32.24272
30.33672
29.34777
28.71545
28.31015
28.02312
27.85251
27.75170
27.62321
27.48992
27.28971
27.24092
27.27800
27.19134
27.12985
27.05306
26.99834
27.08141
27.09750
27.09483
27.11561
27.05905
26.98226
27.02987
27.11537
27.16479
27.15139
27.14475
27.04960
27.07044
27.09530
27.11337
27.12285
27.10392
27.03669
27.00227
27.01755
26.99768
26.95756
26.89334
26.82548
26.79521
26.83681
26.83496
26.86529
26.83125
26.77455
26.72594
26.73610
26.72864
26.71335
26.68182
26.57213
26.58548
26.63318
26.63158
26.62627
26.58050
26.55402
26.54711
26.62792
26.68697
26.74264
26.71812
26.62249
26.43493
26.46448
26.46582
26.45897
26.46550
26.43157
26.40120
26.39195
26.40350
26.39674
26.38838
26.30511
26.27105
26.31109
26.31483
26.34609
26.35589
26.22450
26.26808
26.29715
26.33220
26.36925
26.41739
26.26232
26.10639
26.08845
26.06862
26.06329
26.07528
26.00190
25.98325
25.99094
26.00102
25.99529
25.99972
25.96697
25.95308
25.98957
25.95147
25.95035
25.93840
25.92519
25.91555
25.93561
25.92200
25.89044
25.88610
25.87748
25.88837
25.90986
25.91668
25.88339
25.88194
25.85596
25.79543
25.80607
25.78009
25.75764
25.76143
25.73736
25.68431
25.69929
25.65542
25.66742
25.71058
25.66771
25.62362
25.58318
25.56345
25.59598
25.57832
25.57806
25.51196
25.48442
25.50365
25.52119
25.50448
25.50206
25.46226
25.45988
25.41924
25.40960
25.40132
25.38833
25.34390
25.32310
25.34166
25.33254
25.33725
25.36581
25.32221
25.26481
25.25717
25.26214
25.27105
25.29344
25.22456
25.19564
25.20426
25.19944
25.18178
25.20204
25.19856
25.27735
25.29547
25.24571
25.25712
25.23447
25.16738
24.96707
25.01174
24.86202
24.86302
24.88396
24.88258
