37.20271
36.22303
35.58930
35.10808
34.76728
34.51914
34.31969
34.17658
34.04663
34.18753
34.07005
33.97044
33.77004
33.70503
33.71014
33.74975
33.67808
33.54328
33.57989
33.41692
33.54879
33.48888
33.46614
33.30558
33.28812
33.26650
33.38786
33.38368
33.28306
33.09500
33.05934
33.00589
32.97730
32.93551
32.89801
32.86387
32.81979
32.77469
32.79736
32.75672
32.69147
32.68127
32.66245
32.82705
32.82064
32.79373
32.57228
32.50680
32.48595
32.62446
32.59867
32.49097
32.36157
32.37905
32.41867
32.45003
32.40339
32.22724
32.19196
32.14438
32.30145
32.26452
32.24551
32.05442
32.00996
32.00484
32.09426
32.08527
32.07209
31.86251
31.83152
31.79246
31.81887
31.75775
31.71534
31.67409
31.63687
31.60067
31.61796
31.59750
31.51869
31.49502
31.43062
31.58672
31.55741
31.52708
31.33172
31.27287
31.28581
31.39977
31.36125
31.28096
31.09326
31.00122
31.00760
31.11822
31.14519
31.11905
30.86233
30.82642
30.71305
30.80377
30.85673
30.78594
30.50536
30.47258
30.34655
30.50999
30.49051
30.39563
30.19904
30.21263
30.10972
30.07405
29.95982
29.83496
29.85543
29.72024
29.60307
29.59823
29.49157
29.43612
29.26907
29.15116
29.08011
29.22588
29.21082
29.13520
28.89590
28.75198
28.74296
28.78606
28.82256
28.63813
28.41624
28.24440
28.20996
28.31554
28.41683
28.21726
27.89986
27.69998
27.82582
27.89721
27.91052
27.84268
27.46271
27.43227
27.35127
27.55920
27.61069
27.59251
27.09533
27.22589
27.10729
26.99298
27.52707
27.17517
26.84469
26.86718
26.79925
26.74040
26.75407
26.68851
26.56393
26.46313
26.22058
26.44036
26.16873
26.23725
26.05509
25.72758
25.63926
25.54457
25.71047
25.62528
25.54471
25.22396
25.13619
25.01646
25.14023
25.14129
25.01977
24.68764
24.58035
24.43739
24.47442
24.60285
24.44618
24.13171
24.00634
23.87776
23.75884
23.85814
23.94127
23.70942
23.36921
23.16277
22.97566
22.63581
22.62654
22.24797
21.89908
21.52536
21.17510
20.90387
20.72246
20.50200
20.23811
20.01322
19.81331
19.87384
19.81227
19.58771
19.15143
18.90305
18.72802
18.53346
18.64136
18.53253
18.38800
17.95049
17.80140
17.62069
17.69723
17.56012
17.39078
17.00359
16.80653
16.64712
16.52823
16.63780
16.52282
16.34490
15.95248
15.87148
15.73523
15.64323
15.78213
15.72363
15.60181
15.16105
15.24720
15.05405
14.94302
14.94140
14.85493
14.68343
14.58581
14.50833
14.46380
14.39704
14.36436
14.34902
14.22437
14.16182
13.90074
13.78057
13.97496
14.02985
13.98494
13.77552
13.56406
13.54909
13.35804
13.38584
13.58272
13.50360
13.45684
13.17926
13.10857
13.06089
13.00005
13.23248
13.11401
13.07770
12.76340
12.75202
12.65186
12.52934
12.61613
12.63796
12.40423
12.41995
12.31322
12.22248
12.13962
12.11662
12.31691
12.16030
12.05516
11.91718
11.82067
11.77186
11.52560
11.43514
11.42007
11.29284
11.20058
11.03551
10.97028
10.90274
10.77795
10.72226
10.75625
10.65105
10.57749
10.44921
10.39362
10.36440
10.34036
10.41617
10.38452
10.34033
10.25612
10.00301
9.95489
9.91524
9.84383
9.78114
9.94863
9.70172
9.71181
9.87242
9.53529
9.50433
9.55196
9.55805
9.66836
9.78647
9.57367
9.33706
9.30109
9.31418
9.25039
9.23474
9.14131
9.38440
9.27381
9.28670
9.24434
9.07987
9.06535
9.02766
8.98701
8.99083
8.97543
8.97510
8.95799
8.89700
