36.77170
35.63747
34.56488
33.85038
33.37832
32.96715
32.73627
32.58206
32.41430
32.23382
32.13150
32.00968
31.87217
31.75290
31.70604
31.68117
31.56552
31.45425
31.36233
31.29419
31.24853
31.21282
31.13388
31.04638
31.02255
31.01906
30.96767
30.89023
30.82419
30.81132
30.76906
30.72574
30.73504
30.63349
30.57564
30.56924
30.54765
30.52220
30.48589
30.39266
30.38649
30.36581
30.35001
30.28889
30.30049
30.23085
30.24341
30.19888
30.21163
30.16230
30.15890
30.10592
30.06532
30.02151
30.00904
29.99051
29.96410
29.91042
29.85402
29.85047
29.83163
29.80071
29.80630
29.75602
29.70373
29.66263
29.62052
29.68505
29.66755
29.67856
29.62393
29.60211
29.58326
29.58806
29.55810
29.51865
29.50513
29.51701
29.55075
29.51203
29.44575
29.42559
29.38393
29.37071
29.33961
29.39301
29.34808
29.30225
29.11517
29.09340
29.08581
29.10207
29.11890
29.14333
29.02919
28.99254
28.99989
28.97438
29.03469
28.98304
28.91847
28.87474
28.93277
28.91105
28.91841
28.96362
28.91335
28.92133
28.92249
28.98839
28.87152
28.75883
28.69938
28.64556
28.62264
28.66045
28.74053
28.65482
28.61656
28.57191
28.55213
28.61814
28.62662
28.58612
28.50506
28.50340
28.48674
28.51954
28.58240
28.58159
28.51330
28.50286
28.50801
28.48180
28.48440
28.47226
28.42864
28.41686
28.40305
28.37069
28.41211
28.36728
28.34880
28.32844
28.32331
28.31351
28.33866
28.30913
28.25137
28.23495
28.24336
28.23469
28.22613
28.19258
28.17204
28.11110
28.11518
28.13132
28.19676
28.18437
28.11749
28.13266
28.02905
28.02667
28.03148
28.06431
27.99707
27.95772
27.92223
27.91638
27.95226
27.94183
27.87029
27.82689
27.78528
27.75411
27.89999
27.86396
27.78066
27.77488
27.73809
27.72748
27.80459
27.79958
27.72833
27.67734
27.66824
27.70283
27.82278
27.85994
27.80012
27.75260
27.75206
27.71557
27.79909
27.78768
27.55869
27.50134
27.38704
27.29572
27.46615
27.49224
