37.21083
36.27650
35.50830
34.88362
34.38403
34.05901
33.65406
33.45665
33.26009
33.32568
33.26056
33.12156
32.80758
32.68988
32.59883
32.74855
32.66772
32.46556
32.27708
32.18729
32.21025
32.26934
32.23829
31.97039
31.92925
31.86358
32.04488
31.99114
31.95422
31.66753
31.60337
31.57315
31.57948
31.47552
31.43627
31.33144
31.28589
31.25797
31.24715
31.24047
31.17305
31.14078
31.06018
31.08086
31.33580
31.26065
31.26023
30.92620
30.84471
30.80650
31.06062
31.00496
30.95471
30.71988
30.60543
30.55493
30.82025
30.70761
30.69863
30.40096
30.36145
30.31846
30.55810
30.50468
30.47639
30.13900
30.07798
30.04046
30.22728
30.19988
30.21616
29.95910
29.88578
29.92007
29.80475
29.78157
29.71578
29.63667
29.59579
29.55892
29.58812
29.57314
29.59452
29.39243
29.36164
29.39707
29.51935
29.51457
29.52369
29.18570
29.14278
29.14270
29.41298
29.51521
29.32739
29.11451
29.07473
29.03978
29.38840
29.28476
29.21793
29.01554
28.99602
28.91827
29.02633
29.04870
28.99350
28.68440
28.61642
28.53944
28.91623
28.77838
28.75940
28.60894
28.42170
28.33684
28.29701
28.28392
28.23220
28.29959
28.11954
28.18831
28.02385
28.01477
28.03849
27.93562
27.94926
27.94678
28.12963
28.20453
28.19523
28.22225
27.89438
27.85048
27.77057
28.15231
28.08959
28.05010
27.78466
27.67058
27.64155
27.97226
28.04920
27.85635
27.63243
27.42306
27.44067
27.60450
27.67111
27.54287
27.13517
27.09879
27.02657
27.26912
27.52998
27.33276
26.95370
27.26614
26.89124
26.85744
27.38783
27.38480
26.93489
26.75692
26.72319
26.65503
26.68364
26.63756
26.57121
26.43272
26.25968
26.08448
26.32025
26.32852
26.22535
25.82687
25.74945
25.65621
25.85603
25.83797
25.77717
25.43644
25.30941
25.17931
25.11671
25.38900
25.20887
25.18297
24.71486
24.56511
24.39873
24.66453
24.59219
24.39159
23.96306
23.80933
23.62584
23.30800
22.94588
22.53367
21.69173
21.09760
20.52327
20.03494
19.68663
19.35742
18.91711
18.56122
18.22559
17.90000
17.60985
17.37013
17.12932
16.82031
16.56619
16.32555
16.13716
16.18822
16.15260
15.93683
15.45012
15.23323
15.01319
14.80613
14.90163
14.75072
14.61465
14.30988
14.00858
13.83353
13.65589
13.75782
13.64349
13.47369
13.29730
12.90380
12.74587
12.60100
12.52998
12.52557
12.44156
12.26471
11.91057
11.78798
11.64828
11.52143
11.60902
11.52185
11.44737
11.30271
10.91859
10.67373
10.44678
10.23937
10.03652
9.97660
9.80215
9.61583
9.38403
9.20699
9.05032
8.88195
8.71195
8.56623
8.45530
8.31927
8.11987
7.91562
7.74158
7.56025
7.37760
7.28240
7.17698
7.06296
6.86219
6.66928
6.36252
6.17106
5.97362
5.72767
5.44477
5.27287
4.99184
4.65907
4.33324
3.87616
3.47055
3.01585
2.55526
2.13814
1.76849
1.49650
1.17440
0.90010
0.64751
0.47971
0.36504
0.29221
0.24607
0.21346
0.19373
0.17197
0.15472
0.14012
0.12583
0.11289
0.10218
0.09193
0.08149
0.07641
0.06904
0.06695
0.07347
0.06737
0.06458
0.06490
0.06069
0.06047
0.07521
0.06621
0.06013
0.05273
0.04766
0.04124
0.03592
0.03170
0.02774
0.02417
