35.99218
33.79595
32.58458
31.87170
31.44960
31.16233
30.91441
30.73335
30.53984
30.36010
30.25994
30.23078
30.13329
30.08568
29.97633
29.90695
29.89289
29.90105
29.74391
29.71003
29.69270
29.60517
29.57064
29.56548
29.49633
29.44988
29.42497
29.43358
29.45459
29.48302
29.43182
29.33407
29.26260
29.21790
29.24972
29.25426
29.20187
29.12913
29.08275
29.09305
29.18026
29.14787
29.14901
29.08521
29.07401
29.09927
29.12213
29.12699
29.02563
28.90118
28.90060
28.87587
28.91719
28.93852
28.89528
28.81189
28.81506
28.81482
28.86441
28.82202
28.79121
28.73983
28.70859
28.64700
28.77484
28.75972
28.73799
28.66684
28.64140
28.64159
28.68963
28.69035
28.64601
28.59395
28.51215
28.49034
28.49499
28.47653
28.43587
28.41113
28.38273
28.35478
28.33245
28.31369
28.27921
28.24693
28.20394
28.17968
28.15868
28.09447
28.05423
27.97590
27.93474
27.91320
27.83994
27.80512
27.70536
27.63183
27.56595
27.51287
27.43621
27.38854
27.33027
27.22462
27.15035
27.11759
27.09419
26.98524
26.90589
26.81805
26.73367
26.65433
26.70347
26.61986
26.58987
26.49455
26.44709
26.39630
26.34944
26.38585
26.28895
26.22894
26.11813
26.08241
26.03264
26.04340
25.96759
25.91574
25.86058
25.80504
25.75458
25.76572
25.75330
25.53855
25.44454
25.41282
25.37707
25.39081
25.31070
25.18596
25.05981
24.99369
24.90203
24.89950
24.85721
24.78476
24.66152
24.56119
24.48754
24.52469
24.50754
24.47696
24.30274
24.25773
24.09051
24.19669
24.09568
23.80574
23.66001
23.52091
23.42335
23.38993
23.45244
23.40855
23.23564
23.08539
22.94968
22.88450
22.85160
22.81230
22.69094
22.53963
22.44197
22.35430
22.38225
22.29187
22.17559
22.06825
21.99165
21.88620
21.83462
21.83022
21.61318
21.45745
21.37005
21.26810
21.22397
21.14421
21.00196
20.94297
20.85713
20.83910
20.75564
20.66561
20.58703
20.43332
20.35419
20.27038
20.29251
20.32148
20.06889
19.91626
19.83882
19.75662
19.75827
19.71319
19.61453
19.47750
19.48937
19.37550
19.31550
19.27190
19.21756
