35.68465
33.30542
31.87100
31.04269
30.51889
30.13455
29.82443
29.67685
29.52265
29.38386
29.19926
28.99183
28.87072
28.75639
28.67900
28.59096
28.44361
28.35832
28.30630
28.27411
28.22318
28.16673
28.06782
27.93225
27.87635
27.76398
27.66576
27.56051
27.45347
27.32848
27.28069
27.24863
27.18967
27.15692
27.08315
26.99593
26.94371
26.97274
26.95194
26.91918
26.80631
26.75522
26.71030
26.72521
26.71725
26.73493
26.67840
26.59454
26.52314
26.50828
26.51335
26.50916
26.50368
26.38247
26.35728
26.34661
26.35447
26.33569
26.29340
26.21690
26.22132
26.24598
26.23298
26.23897
26.24660
26.13578
25.95481
25.95824
25.94604
25.91796
25.93922
25.89048
25.84549
25.80444
25.78967
25.77568
25.75852
25.67902
25.63599
25.59113
25.57371
25.54658
25.57297
25.48538
25.49434
25.50525
25.44546
25.41486
25.43914
25.31651
25.02994
24.76449
24.51472
24.28966
23.80111
23.30658
22.58688
21.76665
20.93441
20.21587
19.61596
19.20751
18.88778
18.66715
18.50471
18.37817
18.24252
18.11574
17.99985
17.87714
17.76197
17.67942
17.57425
17.49471
17.37611
17.29103
17.21003
17.11754
17.05196
16.97045
16.91035
16.82387
16.73069
16.68703
16.61404
16.55987
16.49302
16.41522
16.32042
16.23676
16.21011
16.15132
16.12199
16.04959
15.93606
15.88932
15.85057
15.80835
15.77894
15.77452
15.68202
15.60757
15.54076
15.53617
15.47935
15.45122
15.41686
15.34752
