41.45394
40.93104
40.72012
40.41332
40.26313
40.13810
40.04414
39.96530
39.90073
39.88455
39.78986
39.70313
39.64265
39.58833
39.56594
39.51406
39.45281
39.39125
39.33529
39.31620
39.27735
39.24369
39.17160
39.12574
39.10565
39.06726
39.03210
38.98991
38.94149
38.90393
38.85556
38.81108
38.76055
38.72086
38.67564
38.63611
38.61572
38.56914
38.51877
38.48107
38.46818
38.42796
38.40136
38.33836
38.28755
38.24843
38.22314
38.19296
38.15767
38.09430
38.05015
38.01658
37.98900
37.95494
37.88632
37.83950
37.79579
37.78818
37.75229
37.71345
37.64843
37.60391
37.57922
37.55365
37.51641
37.46462
37.41683
37.38112
37.34435
37.31053
37.27365
37.22866
37.18165
37.14713
37.13267
37.08739
37.03368
36.99080
36.94307
36.91787
36.89594
36.86418
36.80176
36.76292
36.71446
36.70858
36.67810
36.64382
36.58051
36.54295
36.53394
36.49821
36.46642
36.38793
36.34017
36.30086
36.29163
36.25321
36.22060
36.15509
36.11278
36.10447
36.07332
36.05167
35.99234
35.93601
35.90848
35.99566
35.83070
35.79688
35.74448
35.72236
35.68096
35.62715
35.62129
35.57385
35.52301
35.49783
35.47091
35.44102
35.43608
35.39098
35.38346
35.30449
35.31620
35.28911
35.26420
35.22029
35.20187
35.16185
35.15488
35.15360
35.11588
35.05412
35.02283
35.01183
34.99962
34.97858
34.92390
34.86963
34.83610
34.84138
34.81914
34.80360
34.74637
34.70526
34.66959
34.63860
34.64176
34.59521
34.54843
34.50750
34.46301
34.44622
34.41968
34.36821
34.32006
34.28190
34.27997
34.26476
34.23676
34.18575
34.14538
34.10510
34.10840
34.06958
34.04880
33.99435
33.95396
33.91397
33.90728
33.90762
33.86040
33.80468
33.76568
33.71488
33.72408
33.71613
33.67500
33.60841
33.56794
33.53828
33.52943
33.51773
33.48311
33.41714
33.37799
33.34940
33.33184
33.30574
33.25099
33.22263
33.20191
33.16903
33.16236
33.13723
33.10172
33.07274
33.04123
33.04648
33.04746
33.03350
32.97038
32.93351
32.89968
32.88837
32.87069
32.85151
32.82216
32.76644
32.73435
32.72866
32.71165
32.68227
32.64184
32.61325
32.57331
32.56727
32.53943
32.51226
32.45367
32.48042
32.41801
32.41000
32.39985
32.37260
32.30452
32.26798
32.24443
32.21176
32.13910
32.17545
32.12533
32.11002
32.04914
32.02812
32.01949
31.98247
31.93805
31.90730
31.90209
31.89208
31.87424
31.84931
31.79606
31.75932
31.72040
31.74321
31.71588
31.69727
31.64108
31.61342
31.61510
31.59734
31.57526
31.55533
31.48803
31.46757
31.43302
31.46149
31.43411
31.40145
31.35951
31.33637
31.29603
31.30612
31.31371
30.85330
31.26441
31.23091
31.19962
31.19121
31.19749
31.14345
31.11940
31.08399
31.10405
31.05356
31.04637
31.00496
30.95339
30.91929
30.89703
30.92643
30.90753
30.88909
30.82647
30.79841
30.75882
30.78302
30.84013
30.80728
30.76784
30.73695
30.70716
30.75340
30.71016
30.68719
30.65079
30.61000
30.61397
30.61794
30.58285
30.55237
30.52940
30.46676
30.43877
30.45149
30.41743
