40.11331
39.53193
39.11414
38.77584
38.47334
38.30385
38.12180
38.01528
37.81360
37.78578
37.69489
37.56736
37.44614
37.33651
37.34432
37.27494
37.31039
37.11317
36.98361
36.92432
36.90946
36.86922
36.76653
36.66012
36.56268
36.57570
36.46934
36.52464
36.37511
36.26142
36.19407
36.14468
36.02699
36.06218
35.97015
35.87683
35.81648
35.76436
35.69685
35.62970
35.54109
35.48069
35.49602
35.44285
35.37361
35.22156
35.14937
35.10725
35.10726
35.06156
34.97941
34.88334
34.81630
34.83106
34.77622
34.72359
34.61473
34.54277
34.48510
34.49954
34.46140
34.41175
34.31209
34.25496
34.19942
34.21148
34.17092
34.11653
34.00766
33.96506
33.90219
33.87569
33.83040
33.77720
33.72440
33.67131
33.61889
33.60952
33.55209
33.48250
33.42313
33.37147
33.39762
33.38035
33.32982
33.21836
33.16368
33.10224
33.11862
33.09227
33.04910
32.94944
32.89237
32.84318
32.87408
32.83899
32.78787
32.66500
32.60226
32.55551
32.57350
32.55631
32.47590
32.37004
32.32845
32.32270
32.31203
32.27329
32.18918
32.08395
32.02565
31.98237
31.94092
31.90257
31.83617
31.80216
31.74980
31.70139
31.70084
31.66504
31.60350
31.56515
31.50319
31.54863
31.52816
31.51259
31.41637
31.34317
31.30175
31.33992
31.34141
31.30124
31.20949
31.14124
31.08657
31.12650
31.12862
31.10918
31.01185
30.93206
30.88141
30.92080
30.91312
30.91121
30.81566
30.73888
30.68724
30.72505
30.73299
30.73600
30.65274
30.56726
30.51978
30.47590
30.54552
30.51399
30.39965
30.34769
30.29209
30.23376
30.23128
30.19104
30.12380
30.06380
30.01373
30.06929
30.04717
30.03239
29.99715
29.88406
29.82169
29.78270
29.82983
29.80208
29.77311
29.65529
29.60442
29.54676
29.60952
29.61392
29.58148
29.44326
29.37781
29.31432
29.36503
29.37505
29.34586
29.22621
29.17009
29.12780
29.16364
29.14175
29.12619
29.02394
28.95361
28.90110
28.87081
28.83954
28.82448
28.76383
28.71029
28.65180
28.59895
28.58388
28.56923
28.52041
28.47650
28.44664
28.41406
28.48703
28.48845
28.47278
28.33786
28.28042
28.23315
28.28193
28.25470
28.24268
28.14550
28.11712
28.05614
28.09132
28.07434
28.05477
27.98845
27.90631
27.86013
27.80546
27.86267
27.85311
27.81318
27.67560
27.62701
27.57035
27.62752
27.60821
27.61819
27.47034
27.39808
27.34561
27.30778
27.32382
27.31936
27.22086
27.15749
27.10062
27.04333
27.03747
27.01606
26.94096
26.88619
26.80972
26.80043
26.83367
26.81773
26.75929
26.61954
26.58489
26.50391
26.55197
26.53125
26.49181
26.39310
26.30798
26.24219
26.23031
26.23189
26.16994
26.10835
25.95573
25.89710
25.81581
25.86711
25.80262
25.73201
25.63669
25.53428
25.43612
25.45227
25.35970
25.30349
25.20501
25.11896
25.02950
24.91924
24.92278
24.83152
24.70926
24.57877
24.47793
24.34909
24.28352
24.23457
24.15282
24.00252
23.48670
23.49390
23.53367
22.97795
22.56543
21.94665
21.32296
20.86795
20.60399
20.18604
19.87584
19.56901
19.02363
18.68983
18.29998
18.10581
17.80600
17.36745
17.08020
16.76807
16.43290
16.22771
16.11959
15.90933
15.69637
15.38891
15.17639
14.95240
14.77994
14.72513
14.56964
