3.492237510863038096e+03
3.504226003037042119e+03
3.506565738636812966e+03
3.507524062646145921e+03
3.505225489624425791e+03
3.499192810122608989e+03
3.477545467213540178e+03
3.463734431839599893e+03
3.455007891531779933e+03
3.447334802140976990e+03
3.439147109406806976e+03
3.431110829699026908e+03
3.421087194689603166e+03
3.409529421998021917e+03
3.396935736516789802e+03
3.384571883316171807e+03
3.371206465566674979e+03
3.356509820387913805e+03
3.342614747591618197e+03
3.329642657677000898e+03
3.315929896134916817e+03
3.301970922005206830e+03
3.288476042229682207e+03
3.276544605833742025e+03
3.264163295541246953e+03
3.251658928508235931e+03
3.239431367149114976e+03
3.228990416539037142e+03
3.223251814542098145e+03
3.210749805850016855e+03
3.200955167906562110e+03
3.189314486756456063e+03
3.178495919657253125e+03
3.168263872110121156e+03
3.157472580736628970e+03
3.141711910816649834e+03
3.139631058908826162e+03
3.129582381971435098e+03
3.115422035699868047e+03
3.106482319020726209e+03
3.096875971850722181e+03
3.089568695345526066e+03
3.090603493556856847e+03
3.064967722319946006e+03
3.055834424238345946e+03
3.046964273541935199e+03
3.038099121578979066e+03
3.030348305975614039e+03
3.022382660264484912e+03
3.021302096152820013e+03
3.006399344947236841e+03
2.998265695781451996e+03
2.991193689877321958e+03
2.984091106713392037e+03
2.977619554133026213e+03
2.969077872871706859e+03
2.961402961742755906e+03
2.954079986563041984e+03
2.946370670487604002e+03
2.939530399814248995e+03
2.932937668120183844e+03
2.927829117388509076e+03
2.918601805269841861e+03
2.911377622368841003e+03
2.904009506981948107e+03
2.899019915861546906e+03
2.893525092927040987e+03
2.885131175969032938e+03
2.877874107519800873e+03
2.875503404691025025e+03
2.865041467104490948e+03
2.857820262323404222e+03
2.850809201458876032e+03
2.844765062023452174e+03
2.838116878669567996e+03
2.831473583132662952e+03
2.824692270628660935e+03
2.819181737970242921e+03
2.812057472489218071e+03
2.806310630572102127e+03
2.800288435799967829e+03
2.795832760076771137e+03
2.786910223942802077e+03
2.780391905378553020e+03
2.775332423045857922e+03
2.769562718272299207e+03
2.762511778436753957e+03
2.755840777413737214e+03
2.751284583063898026e+03
2.744231642200726128e+03
2.737388534254152091e+03
2.730453888554350215e+03
2.724359192497218828e+03
2.719211238927272916e+03
2.714047147419571957e+03
2.709271913157825111e+03
2.703425492301295890e+03
2.698434638720159001e+03
2.692920846952108150e+03
2.686731755435996092e+03
2.681295911321616131e+03
2.675107684248318947e+03
2.670226402659030100e+03
2.664945779348483029e+03
2.660505844358116065e+03
2.654578080974799832e+03
2.650731794761692072e+03
2.649319318182644110e+03
2.641877947797512206e+03
2.636186915742796828e+03
2.631415099668919993e+03
2.626083204710556856e+03
2.622145271627398870e+03
2.617233017003038185e+03
2.612558125246649979e+03
2.608001244754776053e+03
2.605346828943549099e+03
2.600913617412516032e+03
2.601038385149196984e+03
2.591969845557384815e+03
2.587263411139390882e+03
2.583521756094225111e+03
2.580054897552623970e+03
2.575707347826198202e+03
2.571536975998602884e+03
2.566623842262436028e+03
2.563520257958373804e+03
2.559848324642875014e+03
2.555966269667764209e+03
2.552185373538412932e+03
2.548454557524684787e+03
2.545085599515720787e+03
2.541355836558363080e+03
2.537206572868447893e+03
2.534568446631129973e+03
2.540814567909611924e+03
2.535425212659165936e+03
2.525241553628946804e+03
2.522040032082858943e+03
2.532778472213678015e+03
2.514877888380533022e+03
2.512315065404255165e+03
2.509230874392359965e+03
2.506944482233006056e+03
2.501972744140151008e+03
