3.011021594598998945e+03
3.096580102303397780e+03
3.151941905616457007e+03
3.182970037084077831e+03
3.198344566845431018e+03
3.206298688347711050e+03
3.199734146686671011e+03
3.122606026208224193e+03
3.045817881527099871e+03
2.990417262676121027e+03
2.936491731612616150e+03
2.877779222324355032e+03
2.824061568825616177e+03
2.768707342937214889e+03
2.710579562335271021e+03
2.653368586942950969e+03
2.597265244237672050e+03
2.555130600624052022e+03
2.491224637532278848e+03
2.444700356455010933e+03
2.398866055371227958e+03
2.351406656875542922e+03
2.311623064613511815e+03
2.261104199791327119e+03
2.219844006072455159e+03
1.833404815390556905e+03
1.674068860029500001e+03
1.591239759723782072e+03
1.580190978331027054e+03
1.683389596597562104e+03
1.288688840045437018e+03
1.224688819587943954e+03
1.162172246322970977e+03
1.096180294896103987e+03
1.032568422275322973e+03
9.609270628026662280e+02
8.926264077997501545e+02
8.393274290022789046e+02
7.625298350046117548e+02
7.069133376631672263e+02
6.521963560765246939e+02
6.102711855943466617e+02
5.709985451120332982e+02
5.380619791836209060e+02
5.186546788042534217e+02
4.852878102183024112e+02
4.593994226217989763e+02
4.409203453775364210e+02
4.254423097247316150e+02
4.060534978869629867e+02
3.905388356649439743e+02
3.789558149502902893e+02
3.656687410804578917e+02
3.551068054741073752e+02
3.432068982105848818e+02
3.344917182223172176e+02
3.255161110099284087e+02
3.186055834233940232e+02
3.145662267947727173e+02
3.042587086524794131e+02
2.989688969362384796e+02
2.934863050549316199e+02
2.859634318103027226e+02
2.806889330097113202e+02
2.790934976852756222e+02
2.694315032230630891e+02
2.667455056865097731e+02
2.589404208747694156e+02
2.560500819485811803e+02
2.502158438618978096e+02
2.478866332428657131e+02
2.457130825494384112e+02
2.450036712718369927e+02
2.426469030684407926e+02
2.357465571155462953e+02
2.325777020957438026e+02
2.274929933460828977e+02
2.251889892398411064e+02
2.248901471308051043e+02
2.193604223595513076e+02
2.174993019415962010e+02
2.108139350362820039e+02
2.087941336797416909e+02
2.108411177288818124e+02
2.067084119716390092e+02
2.034152662883165874e+02
2.002610601671007089e+02
2.015073939842393997e+02
1.973998323383925140e+02
2.011697101491292869e+02
1.958738968683539952e+02
1.966166348908149075e+02
1.923804415541586081e+02
1.904039390716552873e+02
1.902903853356932871e+02
1.896930678217908905e+02
1.850811311798773886e+02
1.859538939293078101e+02
1.810727222262912051e+02
1.821324977814398949e+02
1.825333531379529859e+02
1.832250372277831900e+02
1.811804560755751083e+02
1.793976213692220085e+02
1.770792125105116099e+02
1.746248711269124101e+02
1.721985585812039119e+02
1.683116600747341067e+02
1.718606248779975090e+02
1.703863397497559049e+02
1.693232406715902130e+02
1.623548126848687048e+02
1.661731700480142990e+02
1.647455009718831889e+02
1.650024616475423045e+02
1.637589894200982030e+02
1.647702297227648103e+02
1.618542971441650877e+02
1.598936939833577071e+02
1.609672661048720101e+02
1.604793200290255868e+02
1.569667443696424982e+02
1.516932746048312879e+02
1.509195067304144970e+02
1.543745020530191994e+02
1.530912980495199065e+02
1.522208503961182089e+02
1.529639139769830081e+02
1.528872715535480893e+02
