2.971389601832750031e+03
3.056291824692044884e+03
3.113565449699503006e+03
3.147314529854125794e+03
3.167123276457452903e+03
3.176314240170424000e+03
3.118689872228394051e+03
3.008532568239339980e+03
2.947075872174751112e+03
2.885986418100451829e+03
2.816080875084499894e+03
2.741264656858993931e+03
2.662066711144273995e+03
2.579181698017578128e+03
2.501017701536798995e+03
2.428748491747097887e+03
2.358491927787475106e+03
2.296057552346462217e+03
2.236585425722656964e+03
2.167513605889416795e+03
1.871920507876315924e+03
1.726094083901095928e+03
1.645464873277655897e+03
1.496143646600409966e+03
1.590891214692654103e+03
1.472977897604708915e+03
1.174919989853515062e+03
1.113533619077147932e+03
1.049119587680324912e+03
9.816953270476614080e+02
9.177861576200361924e+02
8.576036540637211374e+02
8.006157254820418530e+02
7.482968477399358562e+02
6.987550572874620229e+02
6.590295320498316869e+02
6.208280914723713977e+02
5.867474440981037560e+02
5.599889716661240300e+02
5.353227673769124522e+02
5.125150037868244226e+02
4.897053669932047910e+02
4.751239036770969051e+02
4.584202011877442260e+02
4.437716711546494253e+02
4.341193882933891928e+02
4.196246260981581031e+02
4.054942736823189193e+02
3.960729233803983220e+02
3.850756139724391005e+02
3.810820981696235208e+02
3.716382768713378937e+02
3.605445475304497904e+02
3.555702967362466893e+02
3.474551869974773126e+02
3.420157742957899245e+02
3.369669967710368041e+02
3.279405720429144253e+02
3.237513314175075720e+02
3.186604081958686265e+02
3.131297462934027749e+02
3.088595362304009768e+02
3.037241021300591228e+02
2.991443780846490199e+02
2.957735978651937216e+02
2.916734390919324937e+02
2.894730449355740234e+02
2.852889994330511740e+02
2.824109107364230908e+02
2.786484134977891927e+02
2.804698942018637240e+02
2.720133864500596133e+02
2.699013324524605082e+02
2.703253094493272783e+02
2.633424114721680098e+02
2.599866099202474174e+02
2.566689618721516126e+02
2.564942055900065156e+02
2.551552922863770050e+02
2.510119140823703958e+02
2.480587854393174894e+02
2.456248953558350081e+02
2.445504020553250086e+02
2.433047824761285085e+02
2.415493103009710865e+02
2.369191219007026064e+02
2.361641632905408983e+02
2.344209692173936901e+02
2.343267521065268113e+02
2.291635769335258885e+02
2.261695381980387936e+02
2.262878095547146131e+02
2.263064983196343007e+02
2.223554397973632888e+02
2.211256508074272915e+02
2.203857761916775075e+02
2.174366952731662934e+02
2.171498448215739074e+02
2.157140104451497962e+02
2.144531595922173892e+02
2.143698418747964922e+02
2.118046548930529127e+02
2.096324945027668889e+02
2.081048814101156097e+02
2.087553960517714131e+02
2.077247344007703873e+02
2.052633240631103035e+02
2.040636337486436958e+02
2.024250358949109909e+02
2.009944441994900046e+02
2.016690866883002116e+02
1.996216593924968095e+02
1.988897908630370921e+02
2.000275526677787923e+02
1.956522137327744986e+02
1.938422040224880902e+02
1.929433859900580899e+02
1.926117833651393880e+02
1.920226352447508873e+02
1.880735007482909964e+02
1.878405709202745868e+02
1.883921453043620033e+02
1.860775068783229926e+02
1.886774455170356077e+02
1.883789299415419123e+02
1.857381567417399140e+02
1.849973772829183076e+02
1.862416555984835895e+02
1.845711155179172067e+02
1.829427851551650122e+02
1.804755023816595951e+02
1.792483894229465022e+02
1.777510861953396955e+02
1.773002720609538017e+02
1.772666975323485872e+02
1.754507984027100065e+02
1.764535259338379092e+02
