3.486372889140891857e+03
3.503201022456665214e+03
3.506112039452787030e+03
3.506593058553194169e+03
3.503304415260417045e+03
3.492707949589772852e+03
3.472127148244424916e+03
3.460272197207983936e+03
3.451509580193750026e+03
3.443425700398967820e+03
3.434044090058117945e+03
3.425087549122859855e+03
3.413950421811860906e+03
3.402536909288468905e+03
3.389462509406193931e+03
3.376226461159326846e+03
3.362438504762300909e+03
3.348079623655462910e+03
3.333370513888140067e+03
3.319778830916276092e+03
3.305852848679878207e+03
3.292055794835138840e+03
3.277461367318046086e+03
3.264273003008626802e+03
3.251070639240181208e+03
3.237817097616171850e+03
3.224437613412680093e+03
3.212259137397460108e+03
3.208220228236898947e+03
3.198700367858003119e+03
3.191875408709172916e+03
3.178382332178684010e+03
3.169820496228231150e+03
3.158075967961020069e+03
3.147560901814169029e+03
3.136649568270603140e+03
3.108523846359863910e+03
3.098263580350817847e+03
3.093132159281413806e+03
3.082546787964476152e+03
3.072100768154636171e+03
3.062232866976250079e+03
3.051824312378066224e+03
3.035551032003579166e+03
3.032574047091809916e+03
3.016280615948488048e+03
3.006272947800839120e+03
2.996233770546260985e+03
2.986924205314262963e+03
2.978740945636191100e+03
2.968291939548271785e+03
2.958890517337849815e+03
2.950571308087971829e+03
2.941253902610474142e+03
2.932090024016315965e+03
2.922963355725300971e+03
2.932829051983168938e+03
2.906078257511730953e+03
2.896114898653971068e+03
2.887017945513441191e+03
2.877850225468276221e+03
2.870662786642320953e+03
2.861302081191066009e+03
2.859328341823933897e+03
2.851270693426105026e+03
2.841971236068794951e+03
2.826769152149523961e+03
2.817309100546061018e+03
2.809967856313272023e+03
2.801053522533028172e+03
2.793190154649728811e+03
2.785846815606552809e+03
2.782157865108642000e+03
2.769977569362789836e+03
2.761702878878445063e+03
2.754381546734619860e+03
2.746256816712918862e+03
2.738269022735732051e+03
2.729949330116714009e+03
2.723152440352851045e+03
2.714080614339397016e+03
2.706557953347982220e+03
2.697717557188247156e+03
2.688851600792846966e+03
2.681194783418851785e+03
2.673373071243488994e+03
2.673067294151273018e+03
2.659205618988512015e+03
2.648986778999903891e+03
2.640874298560110219e+03
2.633327357549913813e+03
2.624736597467448064e+03
2.616735844210204050e+03
2.608861749047784087e+03
2.602073964984198028e+03
2.595579317488337892e+03
2.587554837910562128e+03
2.580049820987484054e+03
2.572598972162611972e+03
2.566093655579767074e+03
2.557521220937836915e+03
2.549421237685139204e+03
2.541278603588596980e+03
2.534248100109457937e+03
2.530724527175021194e+03
2.520010589002346023e+03
2.511299902933621070e+03
2.503696855234240957e+03
2.497750101471897779e+03
2.489919423473511870e+03
2.482395495733846928e+03
2.475840436088732076e+03
2.467453591269057142e+03
2.463046160538875029e+03
2.453194058646174199e+03
2.446251776943970071e+03
2.439668356791855786e+03
2.432131192044676027e+03
2.424571346024643844e+03
2.417208771599935062e+03
2.411129036236029151e+03
2.403109215872395907e+03
2.396959016722005799e+03
2.390092065760632067e+03
2.383208593328316056e+03
2.376939962529024797e+03
2.369487061113959044e+03
2.362527814395617042e+03
2.366944071132339104e+03
2.361115188360186949e+03
2.354613246396349950e+03
2.386665537976548876e+03
2.334466990592244201e+03
2.326402466416152038e+03
2.319285746635741816e+03
2.313473950264554787e+03
2.306308546835668039e+03
2.301948281958751977e+03
2.293951572922702780e+03
2.288946490997653200e+03
2.289122865897148131e+03
2.276671779479981979e+03
2.270704852900662900e+03
2.264613340102403072e+03
2.258628639935369847e+03
2.252572269261881047e+03
2.246722383646984781e+03
2.240629015591091957e+03
