2.968843483052096872e+03
3.054215267579750162e+03
3.108385207843830813e+03
3.139944270124715786e+03
3.158466846836345212e+03
3.166140162268201038e+03
3.128218989587467149e+03
3.027821537927381996e+03
2.963732211088934946e+03
2.907032959393447072e+03
2.843475491527914983e+03
2.775872559500188800e+03
2.706244531139525861e+03
2.633747596283366875e+03
2.559313901918810188e+03
2.488006199212374213e+03
2.419553337961086982e+03
2.356416985360718172e+03
2.297181007860378031e+03
2.241859430634764976e+03
2.159529489684110104e+03
2.057170253238797159e+03
1.996133359395548950e+03
1.973830527621390956e+03
1.929695664511107907e+03
1.887037689341701935e+03
1.865893327706842001e+03
1.810909048394300953e+03
1.728065808340250896e+03
1.690111332324285968e+03
1.628041923937988940e+03
1.567433606552260017e+03
1.559312241856823903e+03
1.512768197119004981e+03
1.446656621918197970e+03
1.354621347408990005e+03
1.369520960753309055e+03
1.353975132905138025e+03
1.256464439365912995e+03
1.093204224710151038e+03
1.212900024672173004e+03
1.121025234434745926e+03
1.047758322158541887e+03
1.113600530545789979e+03
1.087744325978191000e+03
1.061937507371555057e+03
1.030730184633111094e+03
9.511192048103165462e+02
9.421010866599527844e+02
8.728556993440754468e+02
8.746935029125972960e+02
8.660785403020561262e+02
8.820304848031279334e+02
7.739798080019124882e+02
7.919954508361137187e+02
8.227225516394044007e+02
8.107063854058159222e+02
7.909888698465305197e+02
7.623130412009007841e+02
7.537668916107177211e+02
7.236130225434028489e+02
7.120237286404758379e+02
6.671072379685464284e+02
6.101087790965439126e+02
6.311655910097248352e+02
5.716421794029408829e+02
5.716244383683946353e+02
4.324564605455864239e+02
6.300296713520643834e+02
5.768320053608534863e+02
6.167931238134767682e+02
4.441276015347630164e+02
5.727133840011259736e+02
5.257684389050972413e+02
4.092129938795981161e+02
5.861710358064776756e+02
4.402053758140056061e+02
5.460115266817897464e+02
4.860826281804064024e+02
5.473628224556479154e+02
4.688437657131618153e+02
5.362645085574678205e+02
5.018477190136039781e+02
5.270856459286839026e+02
5.124550307124836763e+02
3.937114016090901032e+02
4.960720790508356117e+02
3.909315783106147251e+02
4.918994053293864113e+02
2.711624278219944131e+02
2.411488620684814066e+02
4.814828364290365244e+02
4.434916085928005032e+02
4.754854330786133119e+02
4.622733385236275012e+02
4.459921618381076200e+02
2.859214437011718815e+02
4.459123800660535721e+02
3.769872673651801165e+02
4.294257595804850780e+02
2.581486343426512917e+02
4.150081545176864779e+02
4.361363724191622850e+02
4.221916866877576240e+02
