3.472385089996203078e+03
3.480630307098660069e+03
3.480900161235420001e+03
3.480938307835082014e+03
3.480096711883135868e+03
3.476870577536079963e+03
3.471246995373061964e+03
3.458552363255616910e+03
3.444132944967855110e+03
3.433857649785357808e+03
3.425155177894760982e+03
3.417680831348744960e+03
3.408635715318333951e+03
3.398963667527054895e+03
3.388352045893214836e+03
3.377432628052165001e+03
3.365950992836576006e+03
3.353553308979966914e+03
3.340845426350709204e+03
3.330083862091808896e+03
3.318498895710652960e+03
3.306242555447794985e+03
3.295108902769573888e+03
3.285398165096908997e+03
3.274697678052094943e+03
3.264195651034815910e+03
3.253762470096704874e+03
3.244715696438460782e+03
3.235546342387830009e+03
3.225134198302273035e+03
3.217139733353271822e+03
3.206534064096204020e+03
3.197177457160509221e+03
3.187785472853257943e+03
3.177474321863538989e+03
3.168981990737845990e+03
3.173481703217300037e+03
3.154243615962050171e+03
3.145081395543142207e+03
3.139403615221964174e+03
3.130857475128987062e+03
3.122858109033339133e+03
3.115024752962513048e+03
3.108619437731258131e+03
3.104339432254164876e+03
3.096198844341432050e+03
3.092111097044542021e+03
3.082668135366482147e+03
3.077211807892725119e+03
3.071166680160386932e+03
3.074092837734575824e+03
3.058665973340861001e+03
3.053296385724082938e+03
3.047976229470553790e+03
3.042513770137602023e+03
3.045982754320612003e+03
3.036324989086779169e+03
3.024616797129719089e+03
3.020854112841323058e+03
3.012449617087807837e+03
3.007586922030705864e+03
3.016562388522881065e+03
2.998211767153390156e+03
2.993542766294688136e+03
2.987797091646525132e+03
2.982872932984007093e+03
2.978085065581733033e+03
2.973015715805594937e+03
2.967737838214111889e+03
2.962352198539224901e+03
2.957453365112100073e+03
2.952843371913585088e+03
2.949061457604436782e+03
2.943222594185857815e+03
2.939471477117919221e+03
2.934889896249048888e+03
2.929805783688965221e+03
2.925163284468314941e+03
2.921317963652480103e+03
2.957018996175876964e+03
2.920533197204722910e+03
2.908659614237536971e+03
2.903446100859713169e+03
2.900249934477199986e+03
2.896753833454998130e+03
2.892512259811605873e+03
2.889611797762182050e+03
2.882877456247153077e+03
2.879388542670356856e+03
2.875608563916221101e+03
2.870979458998889186e+03
2.866841181075440090e+03
2.863153082270509003e+03
2.877325781695419209e+03
2.854935622981363849e+03
2.849801462410412114e+03
2.849905082128430877e+03
2.842586800203720031e+03
2.837896112947049005e+03
2.833802558035210041e+03
2.829168821669039062e+03
2.833392794436374970e+03
2.830505898849010009e+03
2.818888340894844077e+03
2.834005490307075888e+03
2.867778692613323074e+03
2.805220160364719050e+03
2.801531645723877773e+03
2.797338920543822951e+03
2.793801372381119108e+03
2.791000249340618211e+03
2.786526691801282141e+03
2.781658979597642883e+03
2.778260640336032793e+03
2.775517178026463171e+03
2.771331601709528059e+03
2.783749128712157017e+03
2.762829580100910789e+03
2.758335506166924915e+03
2.756910521847803011e+03
2.751263511842244952e+03
2.746952318091022789e+03
2.743087406555583129e+03
2.740586940653617148e+03
2.737700086887137786e+03
2.736000891929793852e+03
2.730715190774670191e+03
2.747821558823308806e+03
2.723061933752102050e+03
2.720319640117933886e+03
2.716418297540146796e+03
2.711708301297743219e+03
2.707171772635836078e+03
2.724159729228852939e+03
2.703873322686565189e+03
2.698316673294068096e+03
2.696867501690132030e+03
2.692034136012232921e+03
2.688622156630045993e+03
2.701019122411566059e+03
2.684167464199692859e+03
2.637990374051309118e+03
