3.495714278056639159e+03
3.505460070138954052e+03
3.509732766886255831e+03
3.511938168641897846e+03
3.511966992585924800e+03
3.511220910386147807e+03
3.509712496727836879e+03
3.508181718664820892e+03
3.505350956234608930e+03
3.502266012056139971e+03
3.498346001704847822e+03
3.494348999109970009e+03
3.488151978577676800e+03
3.478740849498903117e+03
3.464543076065062905e+03
3.446481362032067864e+03
3.425482669454412189e+03
3.406173620817799929e+03
3.388075523805744979e+03
3.372162460237359937e+03
3.355573988297795040e+03
3.338976205889622179e+03
3.322835056400283065e+03
3.308302859488594095e+03
3.293477915222033971e+03
3.279647417733835027e+03
3.266145330201958132e+03
3.253719355661145073e+03
3.240860595675389050e+03
3.228832943855659778e+03
3.216122480278590956e+03
3.205773435674574102e+03
3.194003553821480182e+03
3.183229035319418927e+03
3.171297122867160851e+03
3.166049281925591004e+03
3.153593230742661945e+03
3.143691239483848221e+03
3.134374486805827019e+03
3.125044615168525979e+03
3.115504454897055894e+03
3.107264473335232196e+03
3.098502371858584866e+03
3.091025012419976065e+03
3.082932289136759209e+03
3.074944817451308154e+03
3.066176057268270142e+03
3.057992028335977011e+03
3.051113042685748042e+03
3.056374246322156978e+03
3.036201469072334021e+03
3.028324378768244060e+03
3.021841691693452958e+03
3.014600415050861102e+03
3.006827286074286803e+03
2.998957537258980210e+03
2.995986743824395035e+03
2.984591841695892981e+03
2.976339387436115885e+03
2.968198964561363937e+03
2.960437340980899990e+03
2.952407821120335939e+03
2.953861785560368844e+03
2.940413676620754813e+03
2.931178282502441107e+03
2.943603369447836030e+03
2.914116806205850935e+03
2.906129518843248206e+03
2.898147521482204866e+03
2.890309671797756891e+03
2.882831181621973883e+03
2.874672404719102815e+03
2.866088103087768104e+03
2.860198376725868911e+03
2.851336963851385008e+03
2.843872972449000827e+03
2.848895735139295084e+03
2.828142043813139935e+03
2.820229901795857131e+03
2.815091064466485932e+03
2.807021207558253082e+03
2.798914041559381985e+03
2.790760676777547815e+03
2.782663210308836824e+03
2.777092845064965786e+03
2.769486249115261217e+03
2.761492320769315029e+03
2.754054030102268825e+03
2.746638171115721889e+03
2.739350401597831933e+03
2.730894013162706869e+03
2.722346760305447788e+03
2.714272914191421023e+03
2.707385661579317912e+03
2.702871871223007929e+03
2.692578624218953792e+03
2.684227036461250918e+03
2.677270478496026044e+03
2.669388033525392984e+03
2.660682513457642017e+03
2.651965239504731926e+03
2.643659718263411833e+03
2.639891868357542990e+03
2.628416666095648907e+03
2.633061415678709182e+03
2.624572178074204203e+03
2.615961977812431996e+03
2.593899720669489852e+03
2.586805781489663786e+03
2.577998419572348212e+03
2.569810547751127160e+03
2.559973345008952037e+03
2.563169578366224869e+03
2.545443251923963999e+03
2.536198968603718185e+03
2.528216697597452821e+03
2.520242698781128183e+03
2.512351438776312079e+03
2.503453590834214992e+03
2.494292446487359939e+03
2.485237798591037063e+03
2.476865986687486838e+03
2.469475557335748817e+03
2.460253188703818068e+03
2.451376781634386134e+03
2.443903207843085966e+03
2.443287153615587158e+03
2.434508130207585964e+03
2.418820289609443989e+03
2.409361741039495882e+03
2.409230042989298909e+03
2.392480979680446126e+03
2.383699862419160127e+03
2.373413466498820981e+03
2.370033046875406853e+03
2.354538924962700094e+03
2.362334704583674011e+03
2.340956618149821225e+03
2.330576647399971080e+03
2.320206766197984962e+03
2.308339487312417987e+03
2.299169482436862836e+03
2.289455449000380213e+03
2.279029555282048932e+03
2.268276118416407826e+03
2.256877053845214050e+03
