3.007065562889541980e+03
3.016854521780668165e+03
2.961834527443847946e+03
2.930904221466199942e+03
2.899917437720539965e+03
2.857929426932917067e+03
2.804248038494667981e+03
2.758430117086115843e+03
2.698427890886027853e+03
2.645338102170207094e+03
2.585365930659586866e+03
2.529713389040596212e+03
2.471139941479084882e+03
2.415064380243190953e+03
2.364973568854709811e+03
2.317351371721395026e+03
2.269494131520723840e+03
2.221357762843762885e+03
2.167576671610921949e+03
2.121249019217190835e+03
2.067664343208279206e+03
2.016254442817994004e+03
1.966134948891940894e+03
1.917538188200614968e+03
1.863537116805079904e+03
1.809215312886896072e+03
1.761868032035318947e+03
1.699694711646659925e+03
1.652302701181504972e+03
1.586273875056831002e+03
1.522283066765678996e+03
1.473920735977985942e+03
1.404137458055419984e+03
1.348472510142278907e+03
1.293280701809625043e+03
1.229972288636135090e+03
1.173764114504801000e+03
1.109645246611599987e+03
1.071032330617269054e+03
1.016554288791299996e+03
9.699355586037868306e+02
9.356375424418132525e+02
8.863983163555908504e+02
8.620829744063315729e+02
8.172307350322128059e+02
7.818291909657116321e+02
7.575672125283471132e+02
7.244279041480167507e+02
6.977478997427707554e+02
6.872480602220324499e+02
6.477074935928005743e+02
6.276158609984674968e+02
6.195091285976834570e+02
5.916975242441815226e+02
5.711855080017088540e+02
5.570841642896863277e+02
5.408831308761936043e+02
5.291146936382377817e+02
5.217466773487004730e+02
5.137385220979817859e+02
4.900566364611137828e+02
4.795593670993380897e+02
4.800831755773248233e+02
4.608934819076199005e+02
4.630760212001546847e+02
4.462890816960311895e+02
4.361613615991889787e+02
4.296602347323947129e+02
4.213029676738145213e+02
4.179142109182399736e+02
4.087354655093045039e+02
3.980610171188014874e+02
3.920017449292669198e+02
3.918559578032089803e+02
3.804119033191595918e+02
3.743463460646565863e+02
3.701060012182617243e+02
3.751412613188342107e+02
3.646397879018147137e+02
3.630071219510904257e+02
3.606689162521022922e+02
3.512131998981391234e+02
3.438893190789796108e+02
3.442875980279541182e+02
3.375492264337835877e+02
3.335076911288113024e+02
3.289021981377496218e+02
3.296461175927735212e+02
3.223306373645019107e+02
3.211975858076986015e+02
3.180512155386692257e+02
3.136811126021999030e+02
3.178881084229194016e+02
3.093751216754827738e+02
3.056153439229328797e+02
3.043646390030247062e+02
2.992844812126330112e+02
2.973573720471870274e+02
2.950046429381645794e+02
2.915442177501084871e+02
2.867709417347547856e+02
2.854584123361544812e+02
2.862560519822861806e+02
2.831742673914251895e+02
2.826955746854654876e+02
2.790717591246881284e+02
2.773258665992568126e+02
2.779994375455729028e+02
2.763458607413057848e+02
2.752589869641790870e+02
2.697594846131049167e+02
2.668441626270209213e+02
2.655418397861735116e+02
2.642394945001220208e+02
2.617178409705945796e+02
2.609800088031684027e+02
2.602649801121012274e+02
