4.059988655017360998e+03
4.038286144238823908e+03
4.017005958441839994e+03
3.992054436400282157e+03
3.968594304804686999e+03
3.949122996618382786e+03
3.933800597810331055e+03
3.919854024796550220e+03
3.907610418393554937e+03
3.895527802477214209e+03
3.882860888459745183e+03
3.873287802335070865e+03
3.860311973862304967e+03
3.852180168931206026e+03
3.846825622341038070e+03
3.839594489412434996e+03
3.829413616841362000e+03
3.817218690053709906e+03
3.804001231589084000e+03
3.802182911052516829e+03
3.797434147677408873e+03
3.794350253382161100e+03
3.788681173318143010e+03
3.788380281524523980e+03
3.784243110962998799e+03
3.778813048836806047e+03
3.769508024714627027e+03
3.765471293643664012e+03
3.758140922188042168e+03
3.755842864376084890e+03
3.756866246319444144e+03
3.751546488860677982e+03
3.749358587141926819e+03
3.741460013984375109e+03
3.737748769790582173e+03
3.730159803061521870e+03
3.727867646753471945e+03
3.729034810769313935e+03
3.724288617808701929e+03
3.722170557180989817e+03
3.716320187394204822e+03
3.709862776602647955e+03
3.706340529589844209e+03
3.702123155825738195e+03
3.704600518368055873e+03
3.699560037623155949e+03
3.695331708046333006e+03
3.687069820850152155e+03
3.681719099940321030e+03
3.680210401350369011e+03
3.682063783593207972e+03
3.680943876880424796e+03
3.676863702306858158e+03
3.669161224210070031e+03
3.671553882628038991e+03
3.663971203436956785e+03
3.649549517145725076e+03
3.646641065015734057e+03
3.647976334649521959e+03
3.654256293425563854e+03
3.647883574144421800e+03
3.649899660227321874e+03
3.641538201870117064e+03
3.635893411306965845e+03
3.638077460018987949e+03
3.630936798166775134e+03
3.628985578722330047e+03
3.623065127526584092e+03
3.618833668060438868e+03
3.620076511013996878e+03
3.617007816782769169e+03
3.613333747127278002e+03
3.616221150516494163e+03
3.605125031527235024e+03
3.605986721967773974e+03
3.603870105196398072e+03
3.599186387852104872e+03
3.592749037580837921e+03
3.591976893015408223e+03
3.587197627764756817e+03
3.582826172666014827e+03
3.580739383391925912e+03
3.580133581657444211e+03
3.580803162057834015e+03
3.571689898084309789e+03
3.574926915532768817e+03
3.570058588679470176e+03
3.565318311470810841e+03
3.559764702199437124e+03
3.558758098790146960e+03
3.556652007615559796e+03
3.548108351692707856e+03
3.551590838989257009e+03
3.548040071053601878e+03
3.541805988376193000e+03
3.536034083923068920e+03
3.532795310958658774e+03
3.529412220961914045e+03
3.534245149199762182e+03
3.530068172336696989e+03
3.527084857867295796e+03
3.526356616143662905e+03
3.522886303400608085e+03
3.520198089195962893e+03
3.517425923912760936e+03
3.514470493862846979e+03
3.518762482483723943e+03
3.504187557348631799e+03
3.506456788321940166e+03
3.496677620486654178e+03
3.500487543366970840e+03
3.502484086873370870e+03
3.490713235634223111e+03
3.491776119566514808e+03
3.488085975371093809e+03
3.486188343457029987e+03
3.481030291305338778e+03
3.478582480028213013e+03
3.475063732963867096e+03
3.471307228576932175e+03
3.467560859425997933e+03
3.469909233940972172e+03
3.465922455857205023e+03
3.462979881830512113e+03
3.459899716928167891e+03
3.466429145827365119e+03
3.442702987046441194e+03
3.449007294055447801e+03
3.445960512891168037e+03
3.442025309809027021e+03
3.441421272498373128e+03
3.432690005162217858e+03
3.435998932607964889e+03
3.441845240597331212e+03
3.440638892529840177e+03
3.416362386005315784e+03
3.416924424863823788e+03
3.420192268747287926e+03
3.418904722859700996e+03
3.410109597337239848e+03
3.408768151515841964e+03
3.402776838708767173e+03
3.397852967865126175e+03
3.400825111438802196e+03
3.391204575247938010e+03
3.387918494318033027e+03
3.375596819277343911e+03
3.383596492111545103e+03
3.372127215091144990e+03
3.381107801702475172e+03
3.381197869444987191e+03
3.376821694290365031e+03
3.372566148860677004e+03
3.366790172942707159e+03
3.361777366416014956e+03
3.354670275064561793e+03
3.348947999648980840e+03
3.348346564393446897e+03
3.344190803950737973e+03
3.342726611264648000e+03
3.326985452763130070e+03
3.325396352185871820e+03
3.330425369595810025e+03
3.316089703786349219e+03
3.302609731545138857e+03
3.300928652424046049e+03
3.295089880627712773e+03
3.289599300908203077e+03
3.284450876066081037e+03
3.278130479478623784e+03
3.274193253269314027e+03
3.264674056184896017e+03
3.253631731997070801e+03
3.251130092309027987e+03
3.243397276446396972e+03
3.238396054698349872e+03
3.231575937005206924e+03
3.226937656000976858e+03
3.219502526488714921e+03
3.211844312871094189e+03
3.205141311431748818e+03
3.198803662622613047e+03
3.189303404109701205e+03
3.177686673287760186e+03
3.166086235821940136e+03
3.174982951960721039e+03
3.165171983171114789e+03
3.139013493449437192e+03
3.142485797227648163e+03
3.135794624998914969e+03
3.120953316739909042e+03
3.117537029137912214e+03
3.108274793078341190e+03
3.102633349251845175e+03
3.083375707049153789e+03
3.083652223010525177e+03
3.074458926240234177e+03
3.060585408176541023e+03
3.047337829549695925e+03
3.045680371774632022e+03
3.029889458715821092e+03
3.019783607427300012e+03
3.016128799427083777e+03
2.999123713044163196e+03
2.985246156743164192e+03
2.981607263037109078e+03
2.965483048679470812e+03
2.944989014045680960e+03
2.945679216701389123e+03
2.921854724597982113e+03
2.935409919944661851e+03
2.915811536110025827e+03
2.903745513068576201e+03
2.883154388260090855e+03
2.885144583936089020e+03
2.860426099007705034e+03
2.864390519217122801e+03
2.839988630167100837e+03
2.867442350032551985e+03
2.840980465303819074e+03
2.842791321975368191e+03
2.825610718767904018e+03
2.823556430929905218e+03
2.805256607647569126e+03
2.801111493387043993e+03
2.788758575770399148e+03
2.788751506299369794e+03
2.767502834141168023e+03
2.770342072496745004e+03
2.753429218403321102e+03
2.748328131729057986e+03
2.731115521859809178e+03
2.731469604344617892e+03
2.708455190508354917e+03
2.701145316671549153e+03
2.705926696296116006e+03
2.677656869973416178e+03
2.685670125449218176e+03
2.663355734810656031e+03
2.650650410120443212e+03
2.626029947598740819e+03
2.628084102511394121e+03
2.611521759535048204e+03
2.593284566853299111e+03
2.591298019224174823e+03
2.560203730096029176e+03
2.566714685104709133e+03
2.534349006062283024e+03
2.526816968955078210e+03
2.510728579753688791e+03
2.488223780713975884e+03
2.478449153944226964e+03
2.455628177799479090e+03
2.449127783892144180e+03
2.432514848351238015e+03
2.431418001140407796e+03
2.390724124723848945e+03
2.377997933433158778e+03
2.354782607736544833e+03
2.343667312868924000e+03
2.327549299181857805e+03
2.319046845965711782e+03
2.292804754077691086e+03
2.275289838683268954e+03
2.252726800533854203e+03
2.230871180496419129e+03
2.186418920863715812e+03
2.165851393833549992e+03
2.159131038310546955e+03
2.135380905065103889e+03
2.141262850066731971e+03
2.105325838512912014e+03
2.094543242534722140e+03
2.053453620680339100e+03
2.018487509448242008e+03
1.998565116967231006e+03
1.993484137997505059e+03
1.973443592326930911e+03
1.958803033339301010e+03
1.927443168736436974e+03
1.906894969703776042e+03
1.865423021820746953e+03
1.833049868695746000e+03
1.811933539620225929e+03
1.786578730663519991e+03
1.760812562360026050e+03
1.729802224283854002e+03
1.702718438320855057e+03
1.661466528731011067e+03
1.636278068110352024e+03
1.596653133247612914e+03
1.573513630774197054e+03
1.534040604034830949e+03
1.507958500003255040e+03
1.476680595000543008e+03
1.442396949882813033e+03
1.405891316195745958e+03
1.376937047951389104e+03
1.349328290453016962e+03
1.317412551037868980e+03
1.296373729173719994e+03
1.263791091751844988e+03
1.245472775840386021e+03
1.213103345738390090e+03
1.180737571791991968e+03
1.153134395315212942e+03
1.133475759051106934e+03
1.113828672937825104e+03
1.097179204424370027e+03
1.081105774583332959e+03
1.061851572277560990e+03
1.048452986701388909e+03
1.022060459475910989e+03
9.965491740972222487e+02
9.897242840977646665e+02
9.809914432269964664e+02
9.723335723394097840e+02
9.552328070084635101e+02
2.177551470144314010e+02
2.084921216238064119e+02
1.771344815814886999e+02
1.568825844476997133e+02
1.735454645486111076e+02
1.749099534526910134e+02
1.940074849321831891e+02
1.938466808935546908e+02
1.907889246695964118e+02
1.819982139941405990e+02
1.793494096912978080e+02
1.745016723817273885e+02
1.695044731108941107e+02
1.520394564789496030e+02
1.472339968077257026e+02
1.426032968142361028e+02
1.435533084022351886e+02
1.404314948274740118e+02
1.600836614046224042e+02
1.535313456477865088e+02
1.541831223497179053e+02
1.515397660286458006e+02
1.520065335617404116e+02
1.482706413221571040e+02
1.496464611588542084e+02
1.470569985302734040e+02
1.540562140435112894e+02
1.406231804904514036e+02
1.567438542572699873e+02
1.511868479519314121e+02
1.544665401855469042e+02
1.559102378564452920e+02
1.531448565668403035e+02
1.512177310704209958e+02
1.506491900748698072e+02
1.459780632524957014e+02
1.470479791124132021e+02
1.460503271869575030e+02
1.210338803792318032e+02
1.447486325303819115e+02
1.449923732774522875e+02
1.414878142730034938e+02
1.401651933327908068e+02
1.403623943256293103e+02
1.355271714290365139e+02
1.343886332519531095e+02
1.327038235568575999e+02
1.339672694862196067e+02
1.372603417106120105e+02
1.381509470128038117e+02
1.390330378027344125e+02
1.363764005984158132e+02
1.333389993066406021e+02
1.321370028325738133e+02
1.298762308517794963e+02
1.282874111637370049e+02
1.276842179405382041e+02
1.268055251057943025e+02
1.277702413064235998e+02
1.231744334098306979e+02
1.240502122531466966e+02
1.282530707020399063e+02
1.293868767258028925e+02
1.261882306684027952e+02
1.232229761501735936e+02
1.214130285530599025e+02
1.204029783810763945e+02
1.194310273106553950e+02
1.181579006049261977e+02
1.096759088031683973e+02
1.107333616672091949e+02
1.143259479747179057e+02
1.126809095231120068e+02
1.128939117230902980e+02
1.202304585687933951e+02
1.207559602674696038e+02
1.172488833273654052e+02
1.170156001844618032e+02
1.159136376931424053e+02
1.173913782866754048e+02
1.136580267659504955e+02
1.114641810389539955e+02
1.130760179823134024e+02
1.173329020133463985e+02
1.227483181461588941e+02
1.213400520182292013e+02
1.189947812744140947e+02
1.172331688921441071e+02
1.155289474235026006e+02
1.153387237923176940e+02
1.131474614176431999e+02
1.117970800954860948e+02
1.106930681315104010e+02
1.134800398117404967e+02
1.176298767344835028e+02
1.184431390364583052e+02
1.142133438595920012e+02
1.118363912684462065e+02
1.116275642838541984e+02
1.114129383995226021e+02
1.122611898334418044e+02
1.071536824560546961e+02
1.074639487217881992e+02
1.108110369254556957e+02
1.153006782465277951e+02
1.142552567871094027e+02
1.111603275558810964e+02
1.099325420589192959e+02
1.075337385796440941e+02
1.067702489632161047e+02
1.094071838991970935e+02
1.049848991276041943e+02
1.104776286333550956e+02
1.081771779893662995e+02
1.110275840630424966e+02
1.089325698383246959e+02
1.072588840277777962e+02
1.076114709195963997e+02
1.053940723453775945e+02
1.046508050770399052e+02
1.029111247173394048e+02
1.051306418169487955e+02
1.059320996088325018e+02
1.074772019439019033e+02
1.073817336583116031e+02
1.065941796880425017e+02
1.054723177718098981e+02
1.025739561273871061e+02
1.015113222184244961e+02
1.037790205023871977e+02
9.643092408582899111e+01
9.379132877061631746e+01
9.654340671061197554e+01
1.018961363623047021e+02
9.659100239908853780e+01
1.028078924191623003e+02
1.026798094748263992e+02
1.033972945122612970e+02
1.024902947721353996e+02
9.767178472656249255e+01
9.130920685818142601e+01
9.836743820258247695e+01
9.875095112847222367e+01
9.658171748046875393e+01
9.851514972330728881e+01
9.741508653917101412e+01
9.696563435438368117e+01
9.525090708224827551e+01
9.453185641547310070e+01
9.378303247721353841e+01
9.619261820800781493e+01
9.247322320638021154e+01
8.706771404079860588e+01
