4.044056235752495013e+03
4.029951684412978011e+03
4.007999146151802051e+03
3.983488767431098040e+03
3.966195519592556138e+03
3.947542628737522136e+03
3.934287660602756205e+03
3.923060724739040779e+03
3.910821405808375857e+03
3.897028401931424014e+03
3.883727423759766225e+03
3.874547102529296808e+03
3.862645712143012133e+03
3.855590365571832081e+03
3.849502693478732908e+03
3.842241818280163898e+03
3.832356504462890825e+03
3.824289278834092784e+03
3.815887055553928803e+03
3.808364789431424015e+03
3.805027675131293108e+03
3.800026656690537948e+03
3.795352441206597177e+03
3.792154906679686974e+03
3.787691553161891989e+03
3.781269201223416076e+03
3.773544933002930065e+03
3.770617972973630913e+03
3.763752266478948968e+03
3.761836455840928011e+03
3.761660876165907212e+03
3.755602237963867083e+03
3.750750358416883046e+03
3.743812941549479092e+03
3.741466204012043818e+03
3.737209354159614122e+03
3.733817087314451783e+03
3.734796092282987047e+03
3.730161399422741852e+03
3.726821269075520831e+03
3.720668453204752950e+03
3.715875614192167177e+03
3.714967716095920878e+03
3.711808758069118994e+03
3.713003647100152193e+03
3.707649630873480874e+03
3.701415163287218093e+03
3.699821515276692935e+03
3.694790681342773951e+03
3.694678649999998925e+03
3.694820314156901077e+03
3.693173127663303148e+03
3.688413211709525967e+03
3.682590684693468120e+03
3.683720268760308045e+03
3.675211654259982879e+03
3.670404238499892017e+03
3.675203379231772033e+03
3.668540497365992906e+03
3.672810647210828847e+03
3.664636571801216178e+03
3.666094562724068055e+03
3.659301169282226965e+03
3.654809649208983956e+03
3.657659514334310188e+03
3.648925884618055989e+03
3.652170734608831935e+03
3.647298347377929076e+03
3.643825058256836201e+03
3.645788010281576135e+03
3.640792435348850177e+03
3.640251179417859930e+03
3.633688822903102846e+03
3.631513086038954043e+03
3.629136491716580167e+03
3.626989698824871084e+03
3.624328596936848953e+03
3.625560390037976049e+03
3.620927711668293796e+03
3.619863402488606880e+03
3.614807073330076946e+03
3.614422195074327192e+03
3.611637400764972881e+03
3.608717391849500927e+03
3.606170681400824833e+03
3.603737555545246778e+03
3.601286389914278971e+03
3.598817184856227868e+03
3.596852706692166066e+03
3.594506853354490886e+03
3.591600854812825219e+03
3.589049731376409909e+03
3.591033690577799916e+03
3.585365616803927878e+03
3.582950519489475028e+03
3.576797460687935200e+03
3.576202183260632864e+03
3.575098006980250830e+03
3.573312615807833936e+03
3.571507600651585108e+03
3.569129985847439002e+03
3.566411389950087141e+03
3.564077971227214221e+03
3.561906902817925129e+03
3.559296715927192054e+03
3.561760124318575890e+03
3.559984868995768920e+03
3.551204336483830957e+03
3.550300735983616050e+03
3.548615012967664825e+03
3.546793912689344779e+03
3.548993688651257798e+03
3.540001401023219842e+03
3.538345606319443959e+03
3.536788207231987144e+03
3.534476397452256151e+03
3.531663178754883120e+03
3.529874280992295098e+03
3.528261623785263964e+03
3.526560831622720798e+03
3.524423512630749883e+03
3.521477311325954815e+03
3.519720439213323971e+03
3.517424862293294154e+03
3.523894158983288889e+03
3.515118490462239151e+03
3.508103442853733213e+03
3.508164477133245782e+03
3.507486832698567923e+03
3.504484296924912996e+03
3.502297079675021905e+03
3.500628915343424069e+03
3.503971663962673119e+03
3.505715399860026992e+03
3.502882470929903775e+03
3.489826445876736216e+03
3.488675470706380111e+03
3.495490726366102990e+03
3.496785687531466920e+03
3.487400288659397120e+03
3.484004279588215923e+03
3.477937050767685832e+03
3.476037083387586790e+03
3.475061496314562191e+03
3.472310500997179133e+03
3.470617268731009972e+03
3.467521522325303977e+03
3.467411832857530953e+03
3.471234283346896973e+03
3.468328716268988956e+03
3.465684849322373793e+03
3.463596056034614776e+03
3.460816301413302881e+03
3.457762531754557131e+03
3.454584522275391009e+03
3.452574193265515987e+03
3.451504625375976957e+03
3.443799953094075136e+03
3.440882961004232129e+03
3.445635127823351013e+03
3.442983831672092037e+03
3.434461021199002062e+03
3.438244382529840095e+03
3.435126375277778152e+03
3.432379647840169127e+03
3.429764016035699115e+03
3.428197115468206903e+03
3.426095202701822927e+03
3.417144207217882013e+03
3.421024000823567803e+03
3.418481285340712020e+03
3.415703449302301124e+03
3.412284886281467152e+03
3.409402190261501801e+03
3.406670278097330993e+03
3.404370779904514166e+03
3.402148506808267939e+03
3.399797572374131960e+03
3.396892932164170816e+03
3.393731550394422811e+03
3.391066244392361114e+03
3.387455577818469010e+03
3.384377037669270976e+03
3.380958153900282014e+03
3.378817264597439134e+03
3.376017340493165193e+03
3.374431434359265950e+03
3.371659636539171061e+03
3.368986275839843074e+03
3.365518424972330195e+03
3.362708412478841183e+03
3.359000713963217095e+03
3.356417161494140146e+03
3.353083359091796865e+03
3.350391227728406193e+03
3.347445628369142014e+03
3.344101230731878786e+03
3.340996293844400043e+03
3.339114392611762923e+03
3.335056624657659995e+03
3.331122605927192126e+03
3.326327140717774000e+03
3.329148093694661839e+03
3.317942328381076095e+03
3.322962015196398170e+03
3.310712010468207154e+03
3.319171110487739043e+03
3.300596859367947218e+03
3.302740474967447881e+03
3.294504839367947170e+03
3.301058682803819011e+03
3.282519735315212074e+03
3.285171125195312015e+03
3.285832629396701122e+03
3.270094501639538976e+03
3.282578009778103024e+03
3.271950330322265017e+03
3.275674582499998905e+03
3.266018683938802042e+03
3.265960993409829825e+03
3.249474916153427785e+03
3.249901117668728148e+03
3.239639193000759860e+03
3.242537844827474146e+03
3.233466682367622070e+03
3.233286813111436004e+03
3.213715411360677081e+03
3.220696098247613008e+03
3.208430890721027936e+03
3.208064939204642997e+03
3.193146905535480983e+03
3.193745611422526963e+03
3.180765015875650988e+03
3.181183415927735041e+03
3.167242582874348955e+03
3.161741274187284034e+03
3.158009552675780924e+03
3.141350973027886084e+03
3.138452890176864912e+03
3.116580875058593847e+03
3.113763174080947010e+03
3.097730265327149027e+03
3.096057126471896936e+03
3.083204469453125967e+03
3.081120408961588055e+03
3.066125254193250839e+03
3.059288160704752045e+03
3.052901867840711020e+03
3.044743426157227987e+03
3.044452747590059971e+03
3.027976248315972043e+03
3.020222512518445910e+03
3.013080401764323142e+03
2.993492981442600012e+03
2.994557867401259045e+03
2.988062423262262200e+03
2.971210114259982220e+03
2.960349648961046114e+03
2.947104882495660149e+03
2.944119707262369957e+03
2.928719526713868163e+03
2.934894248259548931e+03
2.912753356322156833e+03
2.914458438014864896e+03
2.895104288633896886e+03
2.885805588515082945e+03
2.873369187991535910e+03
2.869234948810763854e+03
2.856281301152886954e+03
2.861184041614039870e+03
2.833430723713107909e+03
2.825858461059569890e+03
2.814583827114799988e+03
2.806026198677842785e+03
2.799635709967447838e+03
2.803161439609375066e+03
2.799719566180012862e+03
2.775671711321072053e+03
2.782036702592230995e+03
2.761706586247828909e+03
2.770960834756402164e+03
2.745825162720268963e+03
2.746411301242947047e+03
2.733235720532768937e+03
2.713456671793619989e+03
2.707305736733399044e+03
2.700103903723415897e+03
2.678909474259983199e+03
2.679922107219510053e+03
2.677356352729491846e+03
2.652315441005317098e+03
2.654217726225585920e+03
2.628220226825629197e+03
2.632261585361869948e+03
2.617364282244465812e+03
2.590587754150933051e+03
2.598687606713323930e+03
2.582317593839517940e+03
2.563246518734808888e+03
2.545053696204969128e+03
2.548432820751952931e+03
2.533247366759439956e+03
2.507846358127712847e+03
2.510214736788193932e+03
2.480800937060004799e+03
2.480131255387912006e+03
2.451935607407226144e+03
2.446486692010090792e+03
2.421544228139649022e+03
2.415997550304904962e+03
2.405769659605035031e+03
2.371785497617730016e+03
2.377272576375326025e+03
2.360339266653104005e+03
2.342847868280708099e+03
2.323020149741752903e+03
2.296263140431858119e+03
2.279369231423068868e+03
2.263137051280381002e+03
2.259061204870334223e+03
2.231713946654188021e+03
2.224524232139215201e+03
2.192358676124132217e+03
2.173974158650716163e+03
2.154433006654187921e+03
2.133702768162434950e+03
2.112547347062717108e+03
2.100806680033094835e+03
2.074110420903863087e+03
2.069337158569879193e+03
2.040287113581272024e+03
2.027513299585504001e+03
2.006907887640516947e+03
1.973266987579751913e+03
1.958212538690321026e+03
1.941036424462889954e+03
1.918925084312608078e+03
1.894351126021593018e+03
1.866614558520507899e+03
1.848645749027235979e+03
1.822516372568901943e+03
1.803159391561415077e+03
1.778629581299371011e+03
1.760083288859591903e+03
1.729729845459527041e+03
1.707512961508246008e+03
1.672169758751628024e+03
1.644695564322373912e+03
1.622873912201605890e+03
1.595774462659504934e+03
1.574008373908420026e+03
1.539196814856228002e+03
1.510946820367295913e+03
1.482266751253798020e+03
1.450148385921223962e+03
1.421326462043185984e+03
1.396363444674479069e+03
1.368207437031793006e+03
1.344553538667534895e+03
1.316101405367837970e+03
1.286408405135633984e+03
1.261272496574435991e+03
1.233738570542534944e+03
1.211485743140191062e+03
1.188142332956814016e+03
1.162733654289279912e+03
1.142186792591689027e+03
1.123365980195311977e+03
1.106775468074544960e+03
1.082296505871310956e+03
1.064399404847548112e+03
1.043444434779187986e+03
1.028471726605359891e+03
1.019830272325845954e+03
1.002362189385851025e+03
9.880379607481552284e+02
9.789382194363063263e+02
9.623541380750867802e+02
9.414703209684245166e+02
9.383962948768445358e+02
9.273572360503472964e+02
9.159290606309679106e+02
9.012936650732422095e+02
8.966660319699435604e+02
8.846579984722221752e+02
8.757746615055337998e+02
8.704967185411242099e+02
8.554238276806639760e+02
8.451081029237196844e+02
8.453131832307942659e+02
8.369625375227864197e+02
2.387878485384115095e+02
8.511149495795355051e+02
2.107649055034721925e+02
1.993094425634766083e+02
1.918892433165148077e+02
1.965317570909288065e+02
1.969427971869573923e+02
2.039216668646917867e+02
1.973354567675781084e+02
1.928055574072265870e+02
1.888073890321180102e+02
1.830098425580511901e+02
1.797385601833767055e+02
1.755659213178167875e+02
1.719894120258246062e+02
1.734496475374349131e+02
1.759684857552082917e+02
1.795561083105469038e+02
1.787938444482421971e+02
1.754648293229166995e+02
1.714414013264974130e+02
1.681016445838758955e+02
1.659970578721788002e+02
1.636100929991320072e+02
1.626810856016709863e+02
1.582416461154514025e+02
1.570314727007379076e+02
1.628135025569661138e+02
1.639446779703775974e+02
1.633571340749782905e+02
1.614474804714627112e+02
1.601946156212021890e+02
1.579812526790364871e+02
1.553621150282118037e+02
1.537346583631727128e+02
1.539310783951823112e+02
1.548148894466145862e+02
1.544319079589843966e+02
1.539910186376953050e+02
1.553461762586806003e+02
1.524923760226778882e+02
1.507390158859591907e+02
1.496632150927734131e+02
1.470841774945745897e+02
1.450080017550997979e+02
1.447874030013020956e+02
1.440349080528428942e+02
