4.027911431319987969e+03
4.005808325231118943e+03
3.979657458268230130e+03
3.957013795813259094e+03
3.940042573793402880e+03
3.917773044090713029e+03
3.896132784956596879e+03
3.880212825802952011e+03
3.863646083114691010e+03
3.850483780370550903e+03
3.840898301304795950e+03
3.831960713168403800e+03
3.818629427717014096e+03
3.804611721896158997e+03
3.795951754955512115e+03
3.784853179679361801e+03
3.777067473269855782e+03
3.768073130266383941e+03
3.768127796946072067e+03
3.759684001320530115e+03
3.753700401980252082e+03
3.749589785933701933e+03
3.740214495137804988e+03
3.735440777492945926e+03
3.727499933643664008e+03
3.723242380757921183e+03
3.722629556333550227e+03
3.720807045977106100e+03
3.713448806030274227e+03
3.705170838284504953e+03
3.699484363735351053e+03
3.696172363830839004e+03
3.690869757944336015e+03
3.690549746846787912e+03
3.691425830780166052e+03
3.682775489054904028e+03
3.674130049938692991e+03
3.668570669454210019e+03
3.667258998827040159e+03
3.664143848255208013e+03
3.668398908122830107e+03
3.662544526871201924e+03
3.657957452764756908e+03
3.649744239490018117e+03
3.643503837681750156e+03
3.641131076906468024e+03
3.637642379339736181e+03
3.641694977188586108e+03
3.636335531361762150e+03
3.628988043337672934e+03
3.626836341479492148e+03
3.620161024699435984e+03
3.618351554966905042e+03
3.619629486669923153e+03
3.609751917632921050e+03
3.614621056903211866e+03
3.607594493744032206e+03
3.605099822043728182e+03
3.597496246145291934e+03
3.592046406003688844e+03
3.595943581443142193e+03
3.586503759461264053e+03
3.592053737673611067e+03
3.581133059480251177e+03
3.582263179494900214e+03
3.572293750071614795e+03
3.566503887795137871e+03
3.566790722421331793e+03
3.563997303749999901e+03
3.560493398928494116e+03
3.557072804729275049e+03
3.553319719651693049e+03
3.546090532732206157e+03
3.545927203287761131e+03
3.541735195474176180e+03
3.537746379327258182e+03
3.534557999318034035e+03
3.530799158084852024e+03
3.529865473574761836e+03
3.531615848695204022e+03
3.526120851890732865e+03
3.521752792050780954e+03
3.512035846837564804e+03
3.508633487473959121e+03
3.503949516217448036e+03
3.500831707462565191e+03
3.497586936276585220e+03
3.492796220263671785e+03
3.489422106333007832e+03
3.484521858245442218e+03
3.480251822776693189e+03
3.474414191810437842e+03
3.470366245482855902e+03
3.468424565802407869e+03
3.469861864879558198e+03
3.461473220037978081e+03
3.456489134264864788e+03
3.445388435242512969e+03
3.442291887374131875e+03
3.439614196559246011e+03
3.434768407100693821e+03
3.429392262542859953e+03
3.424777519930556082e+03
3.419271034471571056e+03
3.413909152435980104e+03
3.408263277758790082e+03
3.407547389309896062e+03
3.397009153146159861e+03
3.395490322970919806e+03
3.384800118282877975e+03
3.379182834162326799e+03
3.376396297804903952e+03
3.363218436913519781e+03
3.359430101801758155e+03
3.346512300045029860e+03
3.339435639887694833e+03
3.332595846455078117e+03
3.325683743026801039e+03
3.320553297089842999e+03
3.314927903315971889e+03
3.309176257263453863e+03
3.300301599459092813e+03
3.297323333398980139e+03
3.292120464928927959e+03
3.286601604739039885e+03
3.287364617826605809e+03
3.306673191884764947e+03
3.283564453603516085e+03
3.279843953661566957e+03
3.275720934748806030e+03
3.276810974095593792e+03
3.276800765340713042e+03
3.262071383148329005e+03
3.245807393369139845e+03
3.242228260097112980e+03
3.263559870609266909e+03
3.245308648751085002e+03
3.229312776862521787e+03
3.234162340008138017e+03
3.232209478745116940e+03
3.224414740583767070e+03
3.248122680071614923e+03
3.228778527796765957e+03
3.214514607568359224e+03
3.212908899042427038e+03
3.206861939086914845e+03
3.203793434012044145e+03
3.198102180309244886e+03
3.197155573821614780e+03
3.191112770182292024e+03
3.184790001878256135e+03
3.179949437273220155e+03
3.174690625410698885e+03
3.167767387122938089e+03
3.161848161411674027e+03
3.155811513486869899e+03
3.152088679967448115e+03
3.149430291739366112e+03
3.130410882130533992e+03
3.125786955128581212e+03
3.135637050985243150e+03
3.117038153517251885e+03
3.106812539577364987e+03
3.108448894799805203e+03
3.097763943124457001e+03
3.091496486821289182e+03
3.087814385668402792e+03
3.082036341147460917e+03
3.076741750889214018e+03
3.065310387553709916e+03
3.061232259973959117e+03
3.055237805125866998e+03
3.046301521516927096e+03
3.039896924409179974e+03
3.030640348529188032e+03
3.024698628173826819e+03
3.018793924666340899e+03
3.011377337126736165e+03
3.001941418198784959e+03
2.995129462361111109e+03
2.986327109273545830e+03
2.976791954468316817e+03
2.968950190385200131e+03
2.958006253235134864e+03
2.952991992360025961e+03
2.943550815636393963e+03
2.934464440251736050e+03
2.928347232883571905e+03
2.918971047058375916e+03
2.909201983862304132e+03
2.898714251405706818e+03
2.890008041303169193e+03
2.879626549228516069e+03
2.868348529873589086e+03
2.860791354004449204e+03
2.849066148598632935e+03
2.836748885202906877e+03
2.825932456472981812e+03
2.814132895691188878e+03
2.800136849299587993e+03
2.785616709730903040e+03
2.770299200555555217e+03
2.772792121859808958e+03
2.739994961241863166e+03
2.742975168205296086e+03
2.704258454649523173e+03
2.715640376473525066e+03
2.675510589919705126e+03
2.664540289644096902e+03
2.640649311629775184e+03
2.619781303322482927e+03
2.598216908766818960e+03
2.570215209180229976e+03
2.544013475092773206e+03
2.526876891961805995e+03
2.510785607442490800e+03
2.482638638230252127e+03
2.473318779963649831e+03
2.429539321146918155e+03
2.403281119717340061e+03
2.377825216199002170e+03
2.350491247888996895e+03
2.326426056691623216e+03
2.301017976038954203e+03
2.273523254701606220e+03
2.243487681358506961e+03
2.213258677896050813e+03
2.182260132644856185e+03
2.149723162877060986e+03
2.118297004495443161e+03
2.085929156899414011e+03
2.050746598409831222e+03
2.020136927868381008e+03
1.986393683632270040e+03
1.942026173611652894e+03
1.910745836983506933e+03
1.873570029206814070e+03
1.836675336462131099e+03
1.790127196251085024e+03
1.747359416905381977e+03
1.708224787038303020e+03
1.669083403726670895e+03
1.623750081064453070e+03
1.588365038840061061e+03
1.545900412836914029e+03
1.511069745074327102e+03
1.469809542746852912e+03
1.434896609488931972e+03
1.401226653367513109e+03
1.360768844015841978e+03
1.334195956265190944e+03
1.296221480017361046e+03
1.265701078164604951e+03
1.233487431969401086e+03
1.208170213625217002e+03
1.181187028133680997e+03
1.149033320167643069e+03
1.122598108800998034e+03
1.100142303096788055e+03
1.074282324538846069e+03
1.060742131348199109e+03
1.047642574560004959e+03
1.025225452421331966e+03
1.014890973296984043e+03
9.937627762695312867e+02
9.807634284716797310e+02
9.645391137185329171e+02
9.442392090657552899e+02
2.157512065169271125e+02
1.976965230788846100e+02
1.979775157937282870e+02
2.043188185807291859e+02
2.075976621880425057e+02
1.853942674788411011e+02
1.796409344314236023e+02
1.722427021457247918e+02
1.682586693608940891e+02
1.631552169666884140e+02
1.671208356233723862e+02
1.645463731846787994e+02
1.626184751980252088e+02
1.650832610107422056e+02
1.702872853059895988e+02
1.717994807991537130e+02
1.719430037038846137e+02
1.674008870860459979e+02
1.647546575363498107e+02
1.637996216362847122e+02
1.623407120654296989e+02
1.597298485297309014e+02
1.615488366910807088e+02
1.587916121451823130e+02
1.508515779703776047e+02
1.509930643847656029e+02
1.557274289702691021e+02
1.529709615581597006e+02
1.511321681608073106e+02
1.480311358344183930e+02
1.471973512288411996e+02
1.451193552338324935e+02
1.426756449121093908e+02
1.407858365180121893e+02
1.387774072189669994e+02
1.399005602539062068e+02
1.408740553331163028e+02
1.430135775824653024e+02
1.443550942252603875e+02
1.420023185319010111e+02
1.398476192339410034e+02
1.379932713161892082e+02
1.369397902018228876e+02
1.349408818831379904e+02
1.344274216395398867e+02
1.325782330805120921e+02
1.310143221137153091e+02
1.322779107318793024e+02
1.328614759120009126e+02
1.339445127067056944e+02
1.343243233675129886e+02
1.335124083110893878e+02
1.324693061919487889e+02
1.310938913335502889e+02
1.301606998328992972e+02
1.294736856901041904e+02
1.277661655919054056e+02
1.287489669536674910e+02
1.287449109933810973e+02
1.294907663357205081e+02
1.301906591357422087e+02
1.306662741829426864e+02
1.275033828949652985e+02
1.256396182421874954e+02
1.242237726079644062e+02
1.229287852294922061e+02
1.223669431054687067e+02
1.212903548725042953e+02
1.220704033062066003e+02
1.214327279286024037e+02
1.203717920540364048e+02
1.230781764425997977e+02
1.245772319021266981e+02
1.242238174788410987e+02
1.237617386854384023e+02
1.231715956651476063e+02
1.227987158973523947e+02
1.229287624690754939e+02
1.222294801622178966e+02
1.200540926508246997e+02
1.172886473681641064e+02
1.177231313509115012e+02
1.207198251546223986e+02
1.218006455018445990e+02
1.218911370193142005e+02
1.204456390071614038e+02
1.189160041569010957e+02
1.175916817550997990e+02
1.166764574262152934e+02
1.161047268630642009e+02
1.155402493831380042e+02
1.144299483588324051e+02
1.143941014784070944e+02
1.151504035194226958e+02
1.147463476915147993e+02
1.154266998057725999e+02
1.148838858848741040e+02
1.145074669802517064e+02
1.131462701904297035e+02
1.119799172737629931e+02
1.112207853656684051e+02
1.108715560275607999e+02
1.112626347601996031e+02
1.137576387711588950e+02
1.119074198453776035e+02
1.130068918863932055e+02
1.125840875580511948e+02
1.113715563275824962e+02
1.116077412434895990e+02
1.104978103320313068e+02
1.096446665608723947e+02
1.090488165939670040e+02
1.087521503602431068e+02
1.088426678385417006e+02
1.093244702300347058e+02
1.050443414350042985e+02
1.081595807747395952e+02
1.076995244970702998e+02
1.073940724772134985e+02
1.057681415147569055e+02
1.046920008121744985e+02
1.047277969390191004e+02
1.031711525249565966e+02
1.016950766465928950e+02
1.023001813395182040e+02
1.041272972379557018e+02
1.034696089301214954e+02
1.033172620871310983e+02
1.038355496782769052e+02
1.020123359277343980e+02
1.005530493012152959e+02
9.953388701334635869e+01
9.855179856391058024e+01
9.754557991536456996e+01
9.852419763346354387e+01
9.814998684841579291e+01
9.754436018717449031e+01
9.743847897026910232e+01
9.795081976833766646e+01
9.702924948350694478e+01
9.610917165147569108e+01
9.535333850423177182e+01
9.462757108127171080e+01
9.357789887532553053e+01
9.254335462185329675e+01
9.333658419162327391e+01
9.255135497450086746e+01
9.205106375217012271e+01
9.181903582519531426e+01
9.168790543674045068e+01
9.217260198838974361e+01
9.173514210557725335e+01
9.061354720920138561e+01
9.013001115559895027e+01
8.916662888020833577e+01
8.915302437717014072e+01
8.921735263888888312e+01
8.779526430230033895e+01
8.853893866807725033e+01
8.927851584038627664e+01
8.984746668891058619e+01
8.875459600965712070e+01
8.778337299641927416e+01
8.727255790039063754e+01
8.647816195746527512e+01
8.577277931098089425e+01
8.542255495008680555e+01
8.564154516384549254e+01
8.597020568901909598e+01
8.616165574001736616e+01
8.620826611002603101e+01
8.580688689778645539e+01
8.484963324924045480e+01
8.409443935818143245e+01
8.372204334743923937e+01
8.313905461914062300e+01
8.363860002224393497e+01
8.250279678927951466e+01
8.270276423828124734e+01
8.351684840928818687e+01
8.385632042263455332e+01
8.362029065483940826e+01
8.278322033365886057e+01
8.233947320583766327e+01
8.174090397406683906e+01
8.092501897081162099e+01
8.008122239203558479e+01
8.094926182725694730e+01
8.121672145616319938e+01
8.227185003634983218e+01
8.139163994900174259e+01
8.098123292968749354e+01
8.057404784667967590e+01
7.964153528700087747e+01
7.913031554578992655e+01
7.831373050726995189e+01
7.778958592122395999e+01
7.798820789496527084e+01
7.826656087836371967e+01
7.898021405056424271e+01
7.884153762207030525e+01
7.859557928819444328e+01
7.786595848198786030e+01
7.708324874945745364e+01
7.668896410156250454e+01
7.604149533365885816e+01
7.599637710394965495e+01
7.552231222005208622e+01
7.542334373372396783e+01
7.625434552463106286e+01
7.663051445041232057e+01
7.619829143825954532e+01
7.613779971950954462e+01
7.590560621473525771e+01
7.549809098036024579e+01
7.448775064887152553e+01
7.474730876356335330e+01
7.429817805175781587e+01
7.467234201714410347e+01
7.471166009223090043e+01
7.487334487358940294e+01
7.458789133572048513e+01
7.411396954535588577e+01
7.350665616644965894e+01
7.330467470214843217e+01
7.283068120008680069e+01
7.206494202528212156e+01
7.217963289822047557e+01
7.234761110894098124e+01
