4.052695899102648127e+03
4.042493860959200902e+03
4.023456118293728196e+03
4.011003026179470908e+03
3.995566877409396966e+03
3.975648589469400122e+03
3.962417648256835037e+03
3.947523754179144817e+03
3.938039393014863890e+03
3.930488684592556183e+03
3.921168872878689854e+03
3.910041682205404868e+03
3.898196271369899023e+03
3.890796330205620961e+03
3.880560599692926189e+03
3.874929886994356821e+03
3.867682081074760845e+03
3.865367810639649178e+03
3.857337576584201997e+03
3.851094270260417034e+03
3.842494949614801044e+03
3.839403430890842174e+03
3.836069473680012834e+03
3.828700977514105944e+03
3.825645415311415036e+03
3.824764906500650795e+03
3.821261584607204895e+03
3.815876376351453928e+03
3.808251806720919831e+03
3.805853043399521994e+03
3.801684051729057956e+03
3.797759183940971980e+03
3.797554926459960825e+03
3.794527535043403077e+03
3.789337002465821115e+03
3.783657876851671972e+03
3.777567957813585963e+03
3.777435191645507985e+03
3.775716811277125998e+03
3.778085736945528879e+03
3.773459516048718797e+03
3.771251414511176790e+03
3.765181354473741976e+03
3.759598440073784786e+03
3.759302562287869023e+03
3.756803277788085779e+03
3.760352092304144207e+03
3.755386115830077870e+03
3.750396920297851011e+03
3.749643638446722889e+03
3.745334567583007811e+03
3.744546546752930226e+03
3.746373804367404773e+03
3.739050453047418159e+03
3.743032017870551044e+03
3.735679655463867221e+03
3.736700485992295853e+03
3.731446028849825780e+03
3.727088846409505095e+03
3.732197455947808066e+03
3.725417577695312957e+03
3.730323851215820014e+03
3.723227943325738124e+03
3.724856045460068799e+03
3.717922943048502930e+03
3.712667426467014138e+03
3.717869931756727965e+03
3.713856814055989162e+03
3.712488842868381198e+03
3.710902728601345189e+03
3.710361810340712964e+03
3.704053882166882886e+03
3.708603594631075794e+03
3.704310529924045113e+03
3.702423372090385783e+03
3.700159941041124057e+03
3.699544722015516982e+03
3.697768381083984877e+03
3.701207906350913163e+03
3.697762559624024107e+03
3.696723339477538957e+03
3.690472495953231828e+03
3.690285197264539875e+03
3.688770962901477105e+03
3.687069201388344936e+03
3.685442342112631195e+03
3.684050756526693021e+03
3.682632895482856838e+03
3.681737770453015855e+03
3.680293864345161182e+03
3.678856692879774982e+03
3.676783481208768080e+03
3.675691980131835862e+03
3.678773366134440039e+03
3.674845674543728819e+03
3.673222041933051969e+03
3.663759275561524191e+03
3.666824750085178039e+03
3.666635532382269957e+03
3.666589379657661993e+03
3.664177321729599953e+03
3.662862775185004011e+03
3.661602229230143166e+03
3.660410172105035144e+03
3.658962206298827823e+03
3.655488793796114805e+03
3.657137985888672119e+03
3.660608645833332957e+03
3.652342352679578198e+03
3.654038064561631018e+03
3.653098007676866018e+03
3.651721458815646201e+03
3.655412720692816947e+03
3.646893450074870088e+03
3.647439048554144847e+03
3.647509350074326903e+03
3.645755386399740019e+03
3.645259831339517859e+03
3.643888413050673080e+03
3.642822392942709030e+03
3.642563732514649018e+03
3.638884721719834033e+03
3.639774706949870051e+03
3.638828534169379964e+03
3.634037573885091206e+03
3.644227710978731920e+03
3.639520609300673186e+03
3.631060517265625094e+03
3.633797450583767841e+03
3.638363408449978124e+03
3.633036315311414000e+03
3.628522239419487960e+03
3.627024554807399909e+03
3.625889567452801202e+03
3.636350471633029883e+03
3.628686012191297777e+03
3.622507224215495171e+03
3.626162160800237871e+03
3.631176831551107171e+03
3.627537947020941829e+03
3.628362617129991122e+03
3.620695890083551149e+03
3.615785098856338209e+03
3.617185633036567197e+03
3.617128669072265893e+03
3.615965553046331934e+03
3.614119927705621194e+03
3.615296531883680927e+03
3.613570436172959944e+03
3.610335260888673020e+03
3.609725627923177854e+03
3.609266827196723170e+03
3.607906659391276207e+03
3.606505482879232204e+03
3.605292599776475981e+03
3.604427903917101048e+03
3.605102545703668056e+03
3.613180582501628123e+03
3.614839762360027180e+03
3.608451477088758111e+03
3.601008963884548848e+03
3.601021542230902014e+03
3.609677281580945873e+03
3.603810726679144864e+03
3.602410146513670952e+03
3.601258793835721008e+03
3.600878863417968205e+03
3.594062376094293086e+03
3.593729335918510969e+03
3.598432262077908035e+03
3.597374253795573168e+03
3.595667972433810974e+03
3.593999310388997856e+03
3.592673880085720157e+03
3.591912681488714043e+03
3.591100447669814002e+03
3.589778395139432178e+03
3.589389770050997868e+03
3.588067177939994963e+03
3.586844272153321072e+03
3.585713359940863029e+03
3.583991982569985794e+03
3.582544912338325958e+03
3.581802902234700014e+03
3.581451307499999984e+03
3.581541330959200877e+03
3.580909804106987849e+03
3.579253740875108178e+03
3.577866077207032049e+03
3.576844852141926822e+03
3.575938237864581879e+03
3.574702803757053971e+03
3.573845166934678218e+03
3.573009794930555927e+03
3.573380872715385976e+03
3.572928981889648185e+03
3.570933690259331797e+03
3.570703003906792219e+03
3.570504844710287216e+03
3.568426877867837902e+03
3.566711029934896033e+03
3.569659015092773188e+03
3.559670963550890065e+03
3.572474083881294064e+03
3.566397859739040996e+03
3.566819729571940115e+03
3.564382743551973817e+03
3.566325678889430947e+03
3.562889123484158063e+03
3.553984638688149971e+03
3.568038995130208150e+03
3.551518159633788855e+03
3.559059566823459136e+03
3.560296544199760774e+03
3.552909855722114116e+03
3.559647422004124110e+03
3.563571810684135926e+03
3.554776341257052991e+03
3.550129340005426002e+03
3.556979316520723842e+03
3.546544996942816852e+03
3.546469807319877873e+03
3.547431557364367109e+03
3.544908282459852217e+03
3.547635170362956160e+03
3.553168799634875086e+03
3.545605216300999018e+03
3.551484942733833122e+03
3.543357353014866021e+03
3.548906405754666139e+03
3.541478571032986110e+03
3.547965735504556960e+03
3.541201254427627191e+03
3.546605423219401018e+03
3.542972947175564968e+03
3.544421570866429192e+03
3.538687675268553903e+03
3.542995295802407782e+03
3.534821785411785186e+03
3.544408047560763862e+03
3.544004979678818927e+03
3.538232448765733807e+03
3.539191433686523851e+03
3.537140728225910152e+03
3.537964699198676044e+03
3.533060988580185949e+03
3.535528605949979010e+03
3.524742631764865109e+03
3.536342716355793982e+03
3.538779449469402152e+03
3.532854235591904853e+03
3.531057279926214960e+03
3.521916455427518031e+03
3.530162880533854150e+03
3.513299757734374907e+03
3.532263722733831855e+03
3.519360171355794137e+03
3.525279595330403026e+03
3.524821297491861969e+03
3.523749953839519094e+03
3.511182089569227173e+03
3.528686238269858222e+03
3.523958374467773865e+03
3.518426598505859147e+03
3.522623859001193978e+03
3.518239741255425997e+03
3.520635632261282808e+03
3.516430330775281163e+03
3.528350589573567959e+03
3.509912613119031903e+03
3.523439466265191186e+03
3.502858117540146850e+03
3.521078629127061959e+03
3.509364361605360955e+03
3.521826048980577070e+03
3.507569937642686000e+03
3.521517160666232940e+03
3.502519687293295192e+03
3.520059897309026837e+03
3.518567299485133844e+03
3.514484130857747004e+03
3.514791781807182815e+03
3.496066284557291056e+03
3.516769156095920152e+03
3.496287389230686131e+03
3.516484809193792898e+03
3.500117960688477069e+03
3.507251451379123864e+03
3.502996249541015004e+03
3.510926363432617109e+03
3.510147477125651221e+03
3.498423167842881867e+03
3.510352523586696861e+03
3.510618587238499003e+03
3.506843475047201082e+03
3.485977467745768990e+03
3.508794941330837901e+03
3.509230216183268112e+03
3.506200871878254929e+03
3.490989126075845888e+03
3.503818130315754843e+03
3.488776183904079971e+03
3.503660950800238879e+03
3.503364959311522853e+03
3.485024546112195821e+03
3.500817477596027857e+03
3.491361717485351164e+03
3.500454926138238079e+03
3.482357125231119880e+03
3.500400420648872114e+03
3.495658754845920157e+03
3.490157723850369166e+03
3.497531348347438779e+03
3.498858379641385000e+03
3.492135977470160924e+03
3.497768668350694952e+03
3.490908716457248829e+03
3.490473490505642076e+03
3.497386992440864105e+03
3.488314374604491150e+03
3.495098793114148975e+03
3.470595377073024792e+03
3.491481054005534133e+03
3.471090785807833981e+03
3.485443427437066021e+03
3.466784656771917980e+03
3.488025266212564929e+03
3.467143266166449848e+03
3.489859042360569219e+03
3.487157579590385922e+03
3.488987105863715897e+03
3.466261219249131955e+03
3.486678919570855214e+03
3.486022149871962029e+03
3.475635456917318152e+03
3.479362110761718213e+03
3.473859915995009032e+03
3.481314611107855853e+03
3.476994607314452878e+03
3.479196449369032052e+03
3.474513082402343116e+03
3.476928865368924107e+03
3.467124572637260826e+03
3.455153266220161186e+03
3.472228861903211964e+03
3.454965942985027141e+03
3.472210551929796111e+03
3.459248540585394039e+03
3.453383753173283822e+03
3.469945717533637890e+03
3.457233837485895037e+03
3.455433395057509188e+03
3.464303759565430028e+03
3.460627074991862173e+03
3.460821072776149776e+03
3.467363431257595039e+03
3.458044771180555927e+03
3.458259609983724204e+03
3.462387248698460098e+03
3.459122959777017968e+03
3.455718640433484779e+03
3.458875574265407977e+03
3.456577625328232898e+03
3.439317964971246056e+03
3.463436430386283973e+03
3.458848336470811773e+03
3.463283846618922780e+03
3.461078271464300997e+03
3.453855299972331068e+03
3.459025859312065222e+03
3.456677189358723808e+03
3.461072243323024850e+03
3.457319982430557047e+03
3.450654451373155098e+03
3.458733237505425222e+03
3.455778833470593781e+03
3.450477654572483061e+03
3.435858142491862054e+03
3.452592289091795919e+03
3.450118372298178201e+03
3.448202162281901110e+03
3.434465300616861896e+03
3.450912526617295953e+03
3.452277110856120089e+03
3.444805823598089773e+03
3.451600610538736873e+03
3.443635226011283976e+03
3.448005531644966140e+03
3.443768001982964051e+03
3.449874963324110013e+03
3.448816824288193857e+03
3.442220850704210989e+03
3.446869958244357804e+03
3.445122989947374208e+03
3.439655701950413004e+03
3.445251626265191135e+03
3.444319369244792142e+03
3.438024587227646862e+03
3.442296543689778900e+03
3.439096881010199013e+03
3.430255115279947859e+03
3.439194369667970022e+03
3.432011696799586844e+03
3.438673395645616893e+03
3.431012696710611181e+03
3.435481730297850845e+03
3.428325186636828221e+03
3.414897420729709211e+03
3.433551686889104985e+03
3.434725108787435147e+03
3.426609715731879078e+03
3.432365900595701987e+03
3.423739731010200103e+03
3.430500555291340788e+03
