3.804798682861871839e+03
3.808068596978625010e+03
3.800019325288627897e+03
3.791599470039604967e+03
3.786367886992187778e+03
3.778245048651800971e+03
3.775739173661565928e+03
3.770481567158202779e+03
3.763713359028320156e+03
3.756015129086913021e+03
3.751902962509765985e+03
3.745138402435979970e+03
3.742249560146482963e+03
3.741000337342663897e+03
3.737536616963433971e+03
3.731527018255207167e+03
3.726530321235351948e+03
3.716516693062066224e+03
3.708845868700630035e+03
3.710726234545898933e+03
3.708104583725586053e+03
3.712053859429252952e+03
3.709291655096571958e+03
3.706065738193358811e+03
3.701217485499673785e+03
3.695481312496202008e+03
3.691891902186414882e+03
3.685210555799696976e+03
3.684942070298393901e+03
3.686090261978080889e+03
3.684139787030707794e+03
3.680193978025174147e+03
3.672697133453234073e+03
3.670266674859482919e+03
3.663789191705729991e+03
3.669607549908853798e+03
3.663417151015083164e+03
3.660043273900825170e+03
3.655121593905164900e+03
3.650083680859917877e+03
3.649357684239907940e+03
3.646631327370334020e+03
3.649042581411131778e+03
3.644487822764214798e+03
3.640868016738823826e+03
3.634589716486545967e+03
3.628002070402018035e+03
3.627560903433160092e+03
3.628400172156033932e+03
3.628394207153863135e+03
3.625074879913735913e+03
3.619876449024523026e+03
3.617506596059569802e+03
3.611535332896592081e+03
3.609109662130534161e+03
3.611711008969182785e+03
3.594715429267036143e+03
3.600348569538845823e+03
3.596902547374674214e+03
3.600521519271375837e+03
3.594639013991426964e+03
3.589383747662217957e+03
3.592681455339627064e+03
3.585080241694879078e+03
3.589481951231553921e+03
3.580288469844835163e+03
3.575246747797310036e+03
3.571465169374458128e+03
3.573322171142036041e+03
3.571363825263129911e+03
3.565910809235026136e+03
3.563944331277668880e+03
3.564865331844618140e+03
3.561361863005643045e+03
3.558918390080837980e+03
3.555638324358180853e+03
3.549831074197591988e+03
3.546460392508137829e+03
3.535726743413628810e+03
3.535674393102757222e+03
3.535160313836262958e+03
3.540616462948676144e+03
3.535897939113498069e+03
3.532398018670789952e+03
3.529023232286784150e+03
3.525690524061415090e+03
3.520230511216906052e+03
3.516134262875434160e+03
3.511026313301867049e+03
3.508614994407551876e+03
3.506211038874239875e+03
3.503462022808159873e+03
3.499843979467232202e+03
3.486574610700411995e+03
3.484260127275933883e+03
3.479007479246420189e+03
3.485769841408961838e+03
3.482903289045138990e+03
3.474871452030165074e+03
3.471383009691840016e+03
3.469226592327474009e+03
3.466292027217339182e+03
3.463401623774414020e+03
3.460308948943685209e+03
3.456940646508246118e+03
3.454293593714192866e+03
3.450950221501193028e+03
3.441504075896266841e+03
3.448804683354492226e+03
3.442973620533311077e+03
3.440011225843099055e+03
3.437438884314778079e+03
3.427781198772243897e+03
3.434160531282010197e+03
3.428170832421333216e+03
3.423604804616427828e+03
3.420188137380098851e+03
3.414925795276692952e+03
3.412301522585178191e+03
3.410760189180230100e+03
3.408976356809353092e+03
3.405096492577039953e+03
3.404738150567491175e+03
3.401998529442817016e+03
3.398515904262695130e+03
3.384275083057182201e+03
3.383849779518228843e+03
3.392587802955185907e+03
3.383655686839735154e+03
3.369806406778971905e+03
3.370664451226671190e+03
3.386202227679034877e+03
3.375514888811848778e+03
3.371311477039932015e+03
3.361393213902451862e+03
3.364279750117188087e+03
3.360360886886393018e+03
3.353014745782877981e+03
3.350274256279838937e+03
3.353640852923719194e+03
3.350901258715819040e+03
3.346170429765626068e+03
3.357559664658745987e+03
3.342104810834960972e+03
3.341863495928820157e+03
3.337260921206596777e+03
3.333685815397134775e+03
3.332101460978190062e+03
3.332022444257269854e+03
3.326931901273872882e+03
3.324353024679361170e+03
3.322838121071506976e+03
3.320467730277235205e+03
3.315930728223198003e+03
3.314205116453993014e+03
3.307551574083116975e+03
3.305380813484157898e+03
3.306244047034505002e+03
3.303516273301866022e+03
3.292400633180337991e+03
3.292618023668077058e+03
3.296372087259114778e+03
3.290128816208225089e+03
3.278471906413844863e+03
3.278606478571506159e+03
3.275498784720594813e+03
3.272779315993380806e+03
3.270220818422852972e+03
3.274637690856663085e+03
3.259664123832465975e+03
3.259367842013889003e+03
3.255327470844727031e+03
3.251485405480685131e+03
3.246657141362847142e+03
3.243257594631619213e+03
3.239431425716145895e+03
3.235420234321830776e+03
3.232582425318467813e+03
3.228513929680989804e+03
3.224665215651043127e+03
3.220856891808269211e+03
3.216090045929362986e+03
3.211350575729708908e+03
3.206821147530381040e+03
3.202435734265950032e+03
3.198272560179579159e+03
3.194145690106337952e+03
3.193013378305121023e+03
3.188881046678061011e+03
3.183515124407551866e+03
3.178887158941514826e+03
3.174211299805772796e+03
3.169914282618271955e+03
3.165415343316513827e+03
3.160141215608181938e+03
3.154723698361004153e+03
3.146097408734809051e+03
3.146229259696723147e+03
3.144350853536241175e+03
3.138977196669921796e+03
3.133683885969508992e+03
3.126663973540581992e+03
3.119599602416993093e+03
3.129851397138128959e+03
3.102000455107964171e+03
3.105732220799154220e+03
3.089903522052950848e+03
3.114732272513019780e+03
3.084180941950955003e+03
3.092306429410265082e+03
3.063478307954644151e+03
3.059196630271268077e+03
3.046517541276041811e+03
3.061394365433486200e+03
3.038206528181422982e+03
3.047300117177735046e+03
3.024850852589519036e+03
3.039407260494249840e+03
3.015808607577040220e+03
3.026357894459636100e+03
2.998701348798827894e+03
2.999968699052733882e+03
2.985246003945313078e+03
2.981888528956164009e+03
2.973334074039170901e+03
2.979135779433051084e+03
2.955018876937392179e+03
2.961170630843641902e+03
2.937201048888889090e+03
2.941942324662000829e+03
2.917118573474933783e+03
2.922513023343098212e+03
2.899343154895290809e+03
2.902572716048719030e+03
2.879633714479708033e+03
2.879832852802192065e+03
2.855973270694987150e+03
2.849135276546223849e+03
2.831293138429904957e+03
2.828820053108725006e+03
2.804181091940104125e+03
2.803065896375869215e+03
2.781360394558375901e+03
2.777686392844510010e+03
2.751760725541450029e+03
2.747290439679361953e+03
2.722330119627279146e+03
2.715976467352430973e+03
2.704899057172851826e+03
2.682583684441190144e+03
2.668983914476995778e+03
2.651774216544597039e+03
2.644714414188368210e+03
2.619984260138346144e+03
2.609981507083875840e+03
2.583151745399848096e+03
2.570730900173611190e+03
2.552023742281358864e+03
2.540003115673827779e+03
2.522589679601237094e+03
2.510132166781142132e+03
2.482747477488606819e+03
2.474387196838108139e+03
2.447947895430771950e+03
2.438871634884440027e+03
2.405580315156249981e+03
2.368666954780816013e+03
2.368447803035482139e+03
2.336796699358723799e+03
2.343211529499782955e+03
2.310848865155706790e+03
2.293762110877279156e+03
2.264682774335395152e+03
2.248340761877712794e+03
2.215946508482531044e+03
2.213632013837348040e+03
2.192127339374456824e+03
2.174358700163844787e+03
2.145660135379774147e+03
2.132608590268011994e+03
2.104422817433810906e+03
2.082862811467014126e+03
2.047203590649414082e+03
2.046846636649848961e+03
2.021125526515842012e+03
1.991220092311197959e+03
1.974137290587565076e+03
1.947555340932075069e+03
1.913216912151692895e+03
1.909088439257812979e+03
1.889247670105793986e+03
1.858292820668945978e+03
1.842601913298610953e+03
1.806257953504773923e+03
1.795964016259765003e+03
1.759429530506185074e+03
1.738012193623590065e+03
1.716957788961045935e+03
1.697164094843750036e+03
1.671126934578993087e+03
1.641619353117404899e+03
1.608243599157443896e+03
1.590497711463759060e+03
1.562224417661675034e+03
1.531305817893879976e+03
1.514314760634222921e+03
1.491037709087456051e+03
1.460413588927950968e+03
1.431596533837891002e+03
1.411394747673069105e+03
1.380071990885417108e+03
1.363065183795572921e+03
1.336546831669380026e+03
1.305352668155381934e+03
1.292587853031142004e+03
1.273632425919596017e+03
1.258671509076064012e+03
1.241716885908746008e+03
1.213905810358616009e+03
1.188567225863173007e+03
1.157888361241318989e+03
1.133309361399197087e+03
1.132186520286458972e+03
1.117986207237956023e+03
1.101961124391819112e+03
1.074680314259439911e+03
1.060915334753688967e+03
1.035939035032552056e+03
1.001656495883246976e+03
9.910817379193792931e+02
9.872102243809679294e+02
9.791049601736110617e+02
9.578371046826172233e+02
9.482503214078776637e+02
9.307201463601345495e+02
9.261523620214844641e+02
9.151454452647569724e+02
8.911790657660590114e+02
8.814164802571613109e+02
8.741216578808594022e+02
8.566888125472005413e+02
2.773451146419270117e+02
2.349504129888238140e+02
2.280910129660373116e+02
2.183127214534505072e+02
2.257563741498481136e+02
2.243088533848741122e+02
1.728374507394748036e+02
2.046351164887153118e+02
2.013128975113932029e+02
1.931439977180988876e+02
1.886962693712021917e+02
1.837655293164062869e+02
1.799300384320746105e+02
1.742772688281249884e+02
1.716489808430989967e+02
1.736066372618271885e+02
1.798433924723306916e+02
1.776064923806424076e+02
1.766171327360025884e+02
1.758633837754991873e+02
1.694190097439235956e+02
1.668208187288410898e+02
1.641749341579860868e+02
1.609384925786675069e+02
1.581767194656032984e+02
1.658155003634981881e+02
1.630333172287326136e+02
1.587318017035590003e+02
1.569770735850694052e+02
1.613944697222221976e+02
1.583693437310112984e+02
1.551711374582247913e+02
1.528032235970052000e+02
1.507827564290365103e+02
1.485089374191622937e+02
1.458565903927951126e+02
1.496027382682291886e+02
1.429571737396917968e+02
1.398985424153646022e+02
1.400342280550129885e+02
1.389201236718749897e+02
1.454506390098740951e+02
1.452382500922309134e+02
1.418315649641926939e+02
1.406722193728298009e+02
1.382455290256075955e+02
1.398654773546006993e+02
1.404603469970703031e+02
1.301373744249131903e+02
1.345777090456813880e+02
1.386994885177950891e+02
1.429402679383680095e+02
1.382142118375651023e+02
1.350877244894747946e+02
1.339085699685329871e+02
1.312702682557508922e+02
1.290177019894748014e+02
1.229431097054036002e+02
1.272665633913844943e+02
1.271761637912325966e+02
1.310785650010851100e+02
1.313295232552083007e+02
1.303767494352213134e+02
1.266883244786240965e+02
1.244454367811414954e+02
1.234080899018012047e+02
1.216510949278429052e+02
1.247207383523220017e+02
1.159469977956813977e+02
1.183575546397568985e+02
1.225138192426214943e+02
1.234519216080728938e+02
1.232217727853733038e+02
1.196974438812933954e+02
1.182940858138020985e+02
1.160632958387587053e+02
1.133305818641492948e+02
1.111450934922959988e+02
1.151138375124782982e+02
1.161968431792535057e+02
1.177754890652126960e+02
1.154811846191406062e+02
1.142530169401042031e+02
1.125222488715277933e+02
1.099303617013889038e+02
1.084763962700738062e+02
1.064605779665799048e+02
1.049201650379773980e+02
1.052557115863715040e+02
1.062559072113714933e+02
1.078767286697048036e+02
1.073114165939669959e+02
1.067787797460937043e+02
1.045560494042968998e+02
1.024313857769097069e+02
1.012364805305989961e+02
9.956577500000000214e+01
9.640223522189668870e+01
9.507095577907986694e+01
9.483757212131075676e+01
9.974343899902345356e+01
1.007787441482204969e+02
9.944549517957898388e+01
9.982691267795138401e+01
9.941237406684027178e+01
9.831257062717014605e+01
9.526872516493055798e+01
9.702085550401476155e+01
9.406283270779078975e+01
9.618764267957898539e+01
9.343471038791231820e+01
9.526393480577256412e+01
9.541063232476128064e+01
9.367957745062935260e+01
9.238852491319444482e+01
9.184474228407117380e+01
9.077158374891493509e+01
8.908870360514322329e+01
9.021131329644097718e+01
8.976368799099391538e+01
