4.055535006959635211e+03
4.034585909055446791e+03
4.006017687549371203e+03
3.984834989456379844e+03
3.962218859340820018e+03
3.948212158081596954e+03
3.931520327125650965e+03
3.913758085450303952e+03
3.897790783796656797e+03
3.885302752947047793e+03
3.873366856237521006e+03
3.864187642914494973e+03
3.857783237492948047e+03
3.848815928623047967e+03
3.839054167740343019e+03
3.827315202396374843e+03
3.819147165214300912e+03
3.803460410500217222e+03
3.796177880070530136e+03
3.794041951169162985e+03
3.794447308946940211e+03
3.789816521736112009e+03
3.784983047799480119e+03
3.778814150003254781e+03
3.770776809301215053e+03
3.766398931939018894e+03
3.756771561887478128e+03
3.753252420820855150e+03
3.752053399871418151e+03
3.749162865168184908e+03
3.745500033124456877e+03
3.738003490633137972e+03
3.730735499175346831e+03
3.727282616232096188e+03
3.723938853911674869e+03
3.717947647128364224e+03
3.721169045033636849e+03
3.714971368320312195e+03
3.712576774945203852e+03
3.705700164717883126e+03
3.699610474998371956e+03
3.696259278168402943e+03
3.691542678656684984e+03
3.694458150727538850e+03
3.689519247990450822e+03
3.686017611816950193e+03
3.675139263180879880e+03
3.669312927676865911e+03
3.668006878585612867e+03
3.668905224680447191e+03
3.668782015950519963e+03
3.664752398226996775e+03
3.656596330506728009e+03
3.653660657323675878e+03
3.650438572405599189e+03
3.644006058436415969e+03
3.637727719266492841e+03
3.627254138448351114e+03
3.637077174880098937e+03
3.628733165599500808e+03
3.633610116729601032e+03
3.624809063822156986e+03
3.618691231831597179e+03
3.621203844435221981e+03
3.612429252936739886e+03
3.617727106993272173e+03
3.598169987827147907e+03
3.600913719143336948e+03
3.597094278506945102e+03
3.596830810410698177e+03
3.594767558120116973e+03
3.596128810474718193e+03
3.586465512102322009e+03
3.582715381102430001e+03
3.582788530100368916e+03
3.579955150090061125e+03
3.574252553969184191e+03
3.568327684340819815e+03
3.567974633365342925e+03
3.558319575323349909e+03
3.558391960360786015e+03
3.555502334223091111e+03
3.560547070134006844e+03
3.554698286265189836e+03
3.551819728637152821e+03
3.549111253101671082e+03
3.544886790926107096e+03
3.539873002610676849e+03
3.533111363986003198e+03
3.532909668718532885e+03
3.529902059589842793e+03
3.527413160851779139e+03
3.523977793174371072e+03
3.521406624989691863e+03
3.511427147573242110e+03
3.509104663312174125e+03
3.505483960597873192e+03
3.516352172817382780e+03
3.508373936933593086e+03
3.503401662816297176e+03
3.501394610936958088e+03
3.499589748097871961e+03
3.496478497074653205e+03
3.492727868103299897e+03
3.490155092301431978e+03
3.491447459757487195e+03
3.481926522828775887e+03
3.481272812301976046e+03
3.474093907502171078e+03
3.477321220945637833e+03
3.470940558997394874e+03
3.467919547305230026e+03
3.466181389171007140e+03
3.457521743850370058e+03
3.461340492919378903e+03
3.455288276292859791e+03
3.450644455450846181e+03
3.445420930335286812e+03
3.442556157138672006e+03
3.438922332736003227e+03
3.436180615319552089e+03
3.436438022764757079e+03
3.433486359284939226e+03
3.430273743521593133e+03
3.432445093113607072e+03
3.415322670254991863e+03
3.411680000555555125e+03
3.411751063085394890e+03
3.415712147629123137e+03
3.406717101335177176e+03
3.404039295102539199e+03
3.407662468150499080e+03
3.408678466795247914e+03
3.403051301187066201e+03
3.391821798036025029e+03
3.388712936996526878e+03
3.377048051406793093e+03
3.380027347054035999e+03
3.379768232143554997e+03
3.371578511657986837e+03
3.369117280589192887e+03
3.360833109092881841e+03
3.368803499152018048e+03
3.369907677847222203e+03
3.359853489949001869e+03
3.350628831917861135e+03
3.346270214569768996e+03
3.344308931468642186e+03
3.340597085498588967e+03
3.343069946296658145e+03
3.336971967484265861e+03
3.334551918455403211e+03
3.330012664222546846e+03
3.324706588646919045e+03
3.319015910944010102e+03
3.310652695436197973e+03
3.308633953216145073e+03
3.305411408087023119e+03
3.301463914337563892e+03
3.290846258580729227e+03
3.289664459821506171e+03
3.282558361797418002e+03
3.275498422842882064e+03
3.270259841165363923e+03
3.266298854039714115e+03
3.259497010383573070e+03
3.254033196515842974e+03
3.247329557226019915e+03
3.240599447334527213e+03
3.232874226516928047e+03
3.227882494972872792e+03
3.218973980708549789e+03
3.211078340285915147e+03
3.207249713554686878e+03
3.198700237250976897e+03
3.192027545856662982e+03
3.187606066674261911e+03
3.182750199248589070e+03
3.171297876097004973e+03
3.167514238587240015e+03
3.158400900000000092e+03
3.149319339238823886e+03
3.140235097494574802e+03
3.131931616527777805e+03
3.117769031602104860e+03
3.118037879717338910e+03
3.108082780249023017e+03
3.087125155266383899e+03
3.080022925150824904e+03
3.070291092435981227e+03
3.061189781616210894e+03
3.053231333414170876e+03
3.048104291220161031e+03
3.032249314510634122e+03
3.016152782399632088e+03
3.016432464743380933e+03
2.997747913910589887e+03
2.985700411865234855e+03
2.975468357338867008e+03
2.964532757961696916e+03
2.949623191937392221e+03
2.941199601616211112e+03
2.928918894421115056e+03
2.921708344475910963e+03
2.895901600507811963e+03
2.885388385192598889e+03
2.868539726092123146e+03
2.875545465267467989e+03
2.846204131220159979e+03
2.850464615907660118e+03
2.818345826988389035e+03
2.814238853973523874e+03
2.793004118241102788e+03
2.782597678891059786e+03
2.774629333513998063e+03
2.761270348505317088e+03
2.752558860937499958e+03
2.747893318599717986e+03
2.749360304801432903e+03
2.733551559533962973e+03
2.724236202837998917e+03
2.710390169186197909e+03
2.699628485651041046e+03
2.685360421199001848e+03
2.678688773860676974e+03
2.666556175548501869e+03
2.657412181031358159e+03
2.639730646158855052e+03
2.623578793253580898e+03
2.609675791798501905e+03
2.592419701830513077e+03
2.581150670380859083e+03
2.567082820571832144e+03
2.550023688068577030e+03
2.535482486948241785e+03
2.502732689051107172e+03
2.500443220857204778e+03
2.475095556333551031e+03
2.453236885825196168e+03
2.432225603741861960e+03
2.402387780735135038e+03
2.395808685972765034e+03
2.359646386821289070e+03
2.348163693522677022e+03
2.305484678464626995e+03
2.297310917246636109e+03
2.253730299195963198e+03
2.243855628236762186e+03
2.201553204891492896e+03
2.160917927620986120e+03
2.159528204242079028e+03
2.119449123782009792e+03
2.102360659613715143e+03
2.078255184111871131e+03
2.055066518946397991e+03
2.013800983493923923e+03
1.990907374315863990e+03
1.962967887872179062e+03
1.935972172230360002e+03
1.916527573892687087e+03
1.894176691722547957e+03
1.863232912820637921e+03
1.844569327571072108e+03
1.808250316165363984e+03
1.786460280560980891e+03
1.732370885208875961e+03
1.693398150512153052e+03
1.658311322526584036e+03
1.635331926879882985e+03
1.623928918421223898e+03
1.591779684730903000e+03
1.565822302087673961e+03
1.531049679867621990e+03
1.493022079723306888e+03
1.458308082715386035e+03
1.440041520160591062e+03
1.414474912848849954e+03
1.402445911712240104e+03
1.374608809874674989e+03
1.353583862720812022e+03
1.323739716538085986e+03
1.291058924696722897e+03
1.263611525297850903e+03
1.248347547779947945e+03
1.221206634836154990e+03
1.200134312471788007e+03
1.178376120213758895e+03
1.160105608317599945e+03
1.134744587167426062e+03
1.117414561194118960e+03
1.101929571882596065e+03
1.083124420486110921e+03
1.066134620413411994e+03
1.045946952041015948e+03
1.022126192026909962e+03
9.962991844954427734e+02
2.282454123307292093e+02
2.152205851437717001e+02
2.066369204578992935e+02
2.104292658832465861e+02
2.104825023437500136e+02
2.095633612532552092e+02
2.099739115521919075e+02
2.037425545095485973e+02
2.000725711865233905e+02
1.931300359993489906e+02
1.898399016026475863e+02
1.867254765657552014e+02
1.825980037011719048e+02
1.906004883664280101e+02
1.856257555636935876e+02
1.855829605148653911e+02
1.906375023985459904e+02
1.830571670882160902e+02
1.871172824576823075e+02
1.759108558279079944e+02
1.710031472509766104e+02
1.672766909364148944e+02
1.657890085053167866e+02
1.628169393614365958e+02
1.685179742073567866e+02
1.612350322043185997e+02
1.554482674479166917e+02
1.616797708875868125e+02
1.690738923752170138e+02
1.772867850032552042e+02
1.764099655143228915e+02
1.742778253993056126e+02
1.731763763454860907e+02
1.740293472721353965e+02
1.692904856098089965e+02
1.513440320545790030e+02
1.418409010259331069e+02
1.503421149490017115e+02
1.537209562402343863e+02
1.623050356846788134e+02
1.658775428667534868e+02
1.610293112982855916e+02
1.562928514067926073e+02
1.546786487478298113e+02
1.509126594211155066e+02
1.494218304953342056e+02
1.415302730777995066e+02
1.379086515310330014e+02
1.363449134505208065e+02
1.354533981250000068e+02
1.337190590060764066e+02
1.449838946489801117e+02
1.412455979861111075e+02
1.418906760991754084e+02
1.399477827088759057e+02
1.389411012402343886e+02
1.373331781184895988e+02
1.383218028363714893e+02
1.379814679421658070e+02
1.426707425189887033e+02
1.346129768408202949e+02
1.425250463340929059e+02
1.395277272309027978e+02
1.389919359798176970e+02
1.445220778504773875e+02
1.416416267187499898e+02
1.397574749826389109e+02
1.391938269824219105e+02
1.365429742111545011e+02
1.382039098763021059e+02
1.376689288785806866e+02
1.171573737738714982e+02
1.330131875265842041e+02
1.322784256380207921e+02
1.309228468413627979e+02
1.294048833534070866e+02
1.283471853629557131e+02
1.265977600368923959e+02
1.246664529611545049e+02
1.233243968722872950e+02
1.235191600444878048e+02
1.250557143825954967e+02
1.269629601584201026e+02
1.266450264431423989e+02
1.261154806890190940e+02
1.238748447395832954e+02
1.224406749462891071e+02
1.214192427191839982e+02
1.199798371343316035e+02
1.184487415348307024e+02
1.212538542805990005e+02
1.195664071527777992e+02
1.192387669156901069e+02
1.144250919379339990e+02
1.191784705978733001e+02
1.182295347390408011e+02
1.168530507514106063e+02
1.158403059385851037e+02
1.143644323800997995e+02
1.128395175868055986e+02
1.115880309472655938e+02
1.144495509277344070e+02
1.079643077566188936e+02
1.065408354242621982e+02
1.059316001041667050e+02
1.055115600721570956e+02
1.106507453656683992e+02
1.114687896891276040e+02
1.090355854600693988e+02
1.084855213194444019e+02
1.072776337928602004e+02
1.081617612798393964e+02
1.079252199148220939e+02
9.910808141710069208e+01
1.026878008463541931e+02
1.066885551036240969e+02
1.114437394498697955e+02
1.079441379600694972e+02
1.059999301562500023e+02
1.051208736425781041e+02
1.036509598551431992e+02
1.023656996110025972e+02
9.903801429253472577e+01
1.019583949522569952e+02
9.989652408040365117e+01
1.032427144759114981e+02
1.048902006673176999e+02
1.038359453895399014e+02
1.014456780083550029e+02
1.003717503173828050e+02
9.957974751410591807e+01
9.891123843532986371e+01
9.955367696017795254e+01
9.616386251193576129e+01
9.702451366102430086e+01
9.939157750542534586e+01
1.007717088031683943e+02
1.002186831911892000e+02
9.829980632107205452e+01
9.743827724446613558e+01
9.615016712022570289e+01
9.473366040798612175e+01
9.361421105685762711e+01
9.544203591579859847e+01
9.715820881022135325e+01
9.652997222873264604e+01
9.637631506130642833e+01
9.567202800075955338e+01
9.469200291449652696e+01
9.335839745334200757e+01
9.248809180392794360e+01
9.134691126573349607e+01
9.038890368381075291e+01
9.055851529188367977e+01
9.125673869466146471e+01
9.232986648763019843e+01
9.223433582031250921e+01
9.203922893771701297e+01
9.079056325195311672e+01
8.949848015245227373e+01
8.869686733018662039e+01
8.776804222819011159e+01
8.425376308430989525e+01
8.318986382866752649e+01
8.373149095269097586e+01
8.768691080837673724e+01
8.883065992296006641e+01
8.802265163736979048e+01
8.922861393337673519e+01
8.963086208821614775e+01
8.874750318305120800e+01
8.564512095269098779e+01
8.661449850097656622e+01
8.517299145996094012e+01
8.636481449544270106e+01
8.582530963650174272e+01
8.540709001898871122e+01
8.570400863226996080e+01
8.465651881239149645e+01
8.385643699001735740e+01
8.341244312174478637e+01
8.263163975640190984e+01
8.167385267849392960e+01
8.278736714952256648e+01
8.170662847981770938e+01
