4.038126330888129814e+03
4.016843825814888078e+03
3.994435478530273031e+03
3.968747247294379122e+03
3.941458056782225867e+03
3.920845841580402976e+03
3.900450894256728134e+03
3.884575156509873068e+03
3.873449886820746087e+03
3.860881676788195819e+03
3.845533313179254037e+03
3.830516643249784011e+03
3.819451443807507985e+03
3.806550860179036135e+03
3.797486264064128136e+03
3.787964612685003885e+03
3.785628526640624841e+03
3.772998510957575036e+03
3.765736501723632955e+03
3.753785138014864970e+03
3.746533113576389042e+03
3.741307655562065975e+03
3.735194734590385906e+03
3.729215662721896933e+03
3.726804180025499136e+03
3.722545029933266960e+03
3.713587974184568793e+03
3.704430247938368211e+03
3.699489063211804933e+03
3.691413308510199840e+03
3.687236117687717069e+03
3.688749121757270132e+03
3.679538104295788798e+03
3.672686220441080877e+03
3.663384843351237123e+03
3.656755020700411933e+03
3.651917438945854883e+03
3.647311235729710006e+03
3.651316230004340923e+03
3.644124463032769199e+03
3.638144191502822196e+03
3.628812304941949151e+03
3.622531517235785032e+03
3.618224590399304816e+03
3.612817790502930166e+03
3.616863527988281021e+03
3.607739764263239067e+03
3.598027976409506209e+03
3.594850872134331894e+03
3.589242753876953884e+03
3.585877212168511960e+03
3.585992359999998826e+03
3.584872820767143821e+03
3.576218400672200005e+03
3.566246497247178013e+03
3.566631879845378080e+03
3.553967867891709830e+03
3.550509736383462950e+03
3.552811971369359071e+03
3.542730362764757956e+03
3.549309192931315010e+03
3.535310168355577844e+03
3.536530953040365148e+03
3.524196869047309065e+03
3.517491384173176812e+03
3.518685033521593141e+03
3.514181468596461855e+03
3.504065602453883912e+03
3.504968755958116162e+03
3.500671761986761794e+03
3.491475269640298848e+03
3.491249640225695202e+03
3.484896140239256965e+03
3.479194223083767156e+03
3.473037968911131884e+03
3.466923011993273121e+03
3.460083820397679119e+03
3.458386841674262996e+03
3.446048108597005012e+03
3.436731944945746818e+03
3.417429047406682912e+03
3.412256861413845854e+03
3.401079416344401125e+03
3.389263599522027107e+03
3.378290958967555980e+03
3.367267597141927126e+03
3.356421996562501135e+03
3.345133722996418783e+03
3.332796129201929944e+03
3.319910028396810048e+03
3.305106972450629200e+03
3.292044339117294840e+03
3.290357792907986095e+03
3.270150241844075026e+03
3.258750977973089903e+03
3.234950688729924877e+03
3.225995859603408007e+03
3.222261472743055037e+03
3.212680085563693865e+03
3.205546211321071041e+03
3.195645976992188025e+03
3.186930966694335893e+03
3.176519001651474809e+03
3.169078720264215008e+03
3.159616251390516027e+03
3.141206730235459872e+03
3.145416562637261904e+03
3.146080743942599838e+03
3.116691638248697927e+03
3.118825699795464061e+03
3.108086801046549226e+03
3.099396935917969131e+03
3.101766071207140158e+03
3.071175588181422881e+03
3.072076350195854047e+03
3.058492958155924953e+03
3.048329433484700985e+03
3.041171078942600161e+03
3.031948461175129978e+03
3.021257313930122109e+03
3.011539586061740920e+03
2.998588561751845191e+03
2.992784515738931987e+03
2.979547197189127928e+03
2.989792407620985159e+03
2.957697609656032910e+03
2.935829637511392775e+03
2.928033668503690023e+03
2.919765645565862997e+03
2.918053758994682994e+03
2.900576426598850048e+03
2.874120962568901177e+03
2.862025931504991149e+03
2.846456488876409821e+03
2.859149716825088035e+03
2.822818149859483128e+03
2.803968273280164794e+03
2.799753848478189866e+03
2.790029576619465843e+03
2.767789832817382830e+03
2.757907024289821948e+03
2.724863170099827130e+03
2.703992233344184115e+03
2.688546872327473011e+03
2.666031613643664059e+03
2.651736981160482173e+03
2.627938721258137775e+03
2.612439447640515937e+03
2.589562044916449850e+03
2.567584388697915983e+03
2.547198872624241176e+03
2.525310949454752063e+03
2.500772123515082967e+03
2.473879840028212129e+03
2.448648514660916135e+03
2.425319206604275223e+03
2.400272159093966820e+03
2.378056951185437811e+03
2.347638540719401135e+03
2.320635803738607137e+03
2.284238891512045029e+03
2.250117613325196089e+03
2.231614917728406908e+03
2.188870861523979784e+03
2.156390210554469832e+03
2.128437135003798176e+03
2.094307226515300044e+03
2.063604176431207179e+03
2.030028004178059973e+03
2.003656408004557989e+03
1.965302097454969953e+03
1.930041863778754077e+03
1.891796536317274104e+03
1.854168108857965080e+03
1.820018410927192008e+03
1.784450532976888098e+03
1.750763028838975970e+03
1.711394277223306972e+03
1.674345406380751001e+03
1.636911933313801910e+03
1.598557001005859092e+03
1.558126863364800101e+03
1.519754700540906924e+03
1.481686996876627973e+03
1.447015740127495974e+03
1.413068320634765996e+03
1.382498647545030053e+03
1.349617271039496018e+03
1.317392451504448900e+03
1.285902235349934926e+03
1.255283552899848019e+03
1.225136052871094080e+03
1.196658941914605066e+03
1.169179359453125016e+03
1.143447553684352897e+03
1.116642612937825106e+03
1.093186805596245904e+03
1.068491547359483093e+03
1.039277362578124894e+03
9.999954486046005968e+02
1.918026428721788079e+02
1.689071058810764043e+02
1.598832849115667898e+02
1.525684315049913096e+02
1.502963368071831098e+02
1.460969014241537138e+02
1.446067179372830083e+02
1.418454098942056874e+02
1.433146424826389023e+02
1.440141139751519006e+02
1.436634240315754880e+02
1.414869290272351918e+02
1.399817092995876919e+02
1.371187015342881921e+02
1.339484779589843981e+02
1.305813704975043095e+02
1.278002953428818955e+02
1.238083879931641036e+02
1.218886174603949968e+02
1.222227011545138993e+02
1.228591054329426981e+02
1.240955342876519012e+02
1.242185194748263939e+02
1.245468434233940940e+02
1.238754814176432006e+02
1.211701016731771006e+02
1.192764633582899023e+02
1.177150480805122044e+02
1.167020728955077971e+02
1.137158118142361047e+02
1.131075743017577935e+02
1.121763602517360994e+02
1.131991802099609004e+02
1.150505097808160002e+02
1.148934743695746050e+02
1.157242622162543029e+02
1.149681485411240942e+02
1.134931013297526050e+02
1.125074798220485945e+02
1.120677537434896038e+02
1.109772765738932065e+02
1.097832993749999986e+02
1.085937011957465046e+02
1.075273626079644060e+02
1.068412960438368060e+02
1.067264970746527979e+02
1.069111088400608054e+02
1.071584734445529961e+02
1.069160404465061021e+02
1.066521509798177050e+02
1.062496802690971975e+02
1.048020164301214976e+02
1.037928174799261996e+02
1.030916732004123020e+02
1.022763209716796950e+02
1.011690555523004065e+02
9.896819416558160754e+01
9.794477493489583253e+01
9.610042310112845598e+01
9.493679731228299090e+01
9.407614403049043972e+01
9.322929391384548126e+01
9.288401805989583693e+01
9.204405767849392817e+01
9.126228270182292590e+01
9.017586380208334162e+01
8.978544256022135528e+01
8.877997391113281367e+01
8.816753983561198993e+01
8.727441820041234166e+01
8.684723081380208498e+01
8.629533777398003735e+01
8.646361823079426756e+01
8.618706750488281898e+01
8.566298210286458925e+01
8.565366929904513427e+01
8.528586069281683990e+01
8.515509233832464986e+01
8.365159055230036245e+01
8.296819421115451121e+01
8.251036072591146819e+01
8.164053656141491899e+01
8.081056315809460955e+01
8.111258766330294634e+01
8.108448842339409168e+01
8.033534091525608289e+01
8.069443463378904369e+01
8.142771509819878872e+01
8.119499054633246260e+01
8.094432702799480239e+01
8.104332470214843909e+01
7.980219350965712977e+01
7.887747554253472515e+01
7.849199326063367721e+01
7.816756305013019812e+01
7.726258522623697900e+01
7.694459240505642583e+01
7.755252859374999730e+01
7.679629429904512961e+01
7.610390027832032445e+01
7.706089755479601422e+01
7.700445425618489992e+01
7.786239886447482661e+01
7.806011775661892216e+01
7.658071195475261561e+01
7.590264082953559921e+01
7.458680738389756470e+01
7.403018032497828926e+01
7.332814075086805872e+01
7.373605535807290323e+01
7.318036813259548978e+01
7.294277721950955140e+01
7.342713894965277177e+01
7.447421432400173558e+01
7.459468659125434442e+01
7.415451208279080220e+01
7.372108183430989925e+01
7.326799406901041323e+01
7.307859296332466670e+01
7.237137258029514442e+01
7.206039699924045294e+01
7.227986701822916871e+01
7.082682198025173648e+01
6.958948365071613296e+01
6.987086546061196657e+01
7.087856039767795835e+01
7.005382479763456161e+01
6.912552747612846815e+01
6.862779697319878380e+01
6.800403658582899880e+01
6.747125963650174185e+01
6.683487270507812639e+01
6.624358831000434122e+01
6.543106041341147261e+01
6.583690241319445136e+01
6.604698668565538355e+01
6.672135394585504287e+01
6.674730545952689909e+01
6.601217067925348658e+01
6.535342784559460938e+01
6.462060818793402461e+01
6.407997413085936955e+01
6.340621598741319076e+01
6.312016236762153198e+01
6.208079336534287762e+01
6.152170610243055648e+01
6.193705188368056014e+01
6.213822868272570332e+01
6.241329719943576038e+01
6.244741171603732255e+01
6.211297171712239162e+01
6.116471833713107742e+01
6.073811361979166890e+01
6.030407188368055671e+01
5.986342740451389233e+01
5.887331390842013690e+01
5.924471338161892220e+01
5.898093328342014274e+01
5.942904720377603667e+01
5.914821892523870872e+01
5.934793276475694057e+01
5.811253708387587125e+01
5.722909654947917346e+01
5.645535914279513889e+01
5.588766474229600334e+01
5.535516914279514111e+01
5.494808886718750074e+01
5.526995350640189741e+01
5.476405323459201213e+01
5.437146208007811765e+01
5.544697329481336823e+01
5.599837532009549079e+01
5.563683227810329868e+01
5.518951371148003915e+01
5.498014824598524086e+01
5.458869713487413122e+01
5.442082563585069011e+01
5.402220736165364912e+01
5.268146419813368198e+01
5.192175765245225705e+01
5.197181235405815869e+01
5.298835878038193670e+01
5.320588726725261353e+01
5.313058260253905729e+01
5.234685774739583763e+01
5.168851847710502767e+01
5.109773161404080355e+01
5.059593279079860650e+01
5.027982771375867799e+01
5.001492743869358293e+01
4.904693521755641683e+01
4.903827061523438147e+01
4.910481621690537679e+01
4.895572485188802148e+01
4.937946640787760799e+01
4.891248774522569676e+01
4.843052915581596807e+01
4.788820161946615173e+01
4.740542015896267003e+01
4.684668394531249902e+01
4.672215117784288196e+01
4.668834072482638931e+01
4.737315202039930284e+01
4.678919322265625880e+01
4.700554064561632117e+01
4.644816477810329758e+01
4.621384493055555254e+01
4.606410699055989966e+01
4.559619903808594188e+01
4.506313552680121859e+01
4.463906483452691276e+01
4.378869223198783800e+01
4.431261858344183935e+01
4.442143035590277833e+01
4.263898076605902077e+01
4.386280885253906803e+01
4.364652519097221983e+01
4.288894685872396195e+01
4.251266584092881828e+01
4.208821716796875023e+01
4.140633677897135101e+01
4.088844483018662856e+01
4.045474297092013671e+01
4.041378363552517072e+01
4.070577301052517782e+01
4.091382000488280823e+01
4.066437063205295033e+01
4.036406966634113758e+01
3.981356093044705347e+01
3.926330211317274177e+01
3.883109303927950862e+01
3.826433839680989735e+01
3.778912589572482972e+01
3.760552835123697690e+01
3.777219618815104241e+01
3.721399753960503887e+01
3.738025213541666858e+01
3.763091034830728887e+01
3.701374829155815860e+01
3.662234686414930707e+01
3.618030115451389150e+01
3.568914608615452266e+01
3.512204422092015221e+01
3.467215929633245963e+01
3.427213222873263732e+01
3.419710443088108320e+01
3.384691807074653269e+01
3.364732618435329670e+01
3.355556890787759983e+01
3.363879688964843950e+01
3.357226256293402855e+01
3.328944028266059263e+01
3.278976606011285355e+01
3.253087820312499190e+01
3.210624533365884758e+01
3.205624522677950949e+01
3.121363770290798101e+01
3.147229670355903153e+01
3.152300371799045919e+01
3.175595706163194976e+01
3.155662300021700872e+01
3.101454421549479079e+01
3.049047188205295100e+01
3.005639329915364044e+01
2.961413279947916877e+01
2.921500130154079855e+01
2.893117885416667079e+01
2.918151532714843910e+01
2.906499613444010066e+01
2.887262855957030894e+01
2.889781884928385125e+01
2.818961375162760064e+01
2.782307245822482855e+01
2.582292133572047987e+01
2.718948170464409841e+01
2.678949560004339858e+01
2.678157975965712012e+01
2.643104410319010000e+01
2.632291310112847071e+01
2.660856018174913018e+01
2.653178796386718830e+01
2.623116331380208877e+01
2.577394927734374974e+01
2.538164441080729006e+01
2.493181576714410141e+01
2.310738512044271076e+01
2.397334726562500151e+01
2.424853951334635127e+01
2.413227455240885888e+01
2.438183256618923878e+01
2.392404856770832922e+01
2.221517989800348047e+01
2.324025036512587050e+01
2.267401920844184104e+01
2.232346210883245874e+01
2.063164899576823075e+01
2.151527342393663034e+01
2.145689381944444918e+01
2.024909451714409059e+01
2.155702851833767042e+01
2.145696651584201931e+01
2.094866561143663120e+01
1.938198703124999867e+01
1.874084403917100872e+01
1.978200970486111032e+01
1.821579698133680125e+01
1.914850716254339957e+01
1.879854765190971833e+01
1.874897873806423121e+01
1.786533414116754059e+01
1.883193280219184018e+01
1.846559797417534909e+01
1.729029685438367991e+01
1.799034782931857990e+01
1.670743905056422918e+01
1.709864543348523824e+01
1.612379881944444904e+01
1.674068684244792138e+01
1.584049498155381919e+01
1.655701244574652975e+01
1.564920718695747048e+01
1.619044653917100973e+01
1.506558489529079914e+01
1.455751329644096970e+01
1.522375756239149069e+01
1.414054548339844075e+01
1.449078917209200945e+01
1.358223519531249934e+01
1.336568398383247036e+01
