3.860600733330078128e+03
3.829068995154621916e+03
3.819455727108832889e+03
3.807596905188801884e+03
3.803201425774198015e+03
3.795283763218857985e+03
3.785011555026585029e+03
3.773053230264214108e+03
3.766492968901909990e+03
3.756795122207031000e+03
3.750990859345703029e+03
3.748591613821613919e+03
3.743349248018661910e+03
3.734942363077800110e+03
3.724522516311847994e+03
3.719006995843099958e+03
3.709821592536348817e+03
3.703268354018553964e+03
3.696592163883462945e+03
3.701576296975369132e+03
3.694708243978408063e+03
3.693721636417100854e+03
3.686317628776042056e+03
3.678111329809027211e+03
3.673933362780489915e+03
3.666455640861544907e+03
3.663242876617296133e+03
3.662724051105686158e+03
3.660360563433160223e+03
3.654159208929037050e+03
3.645256609785698856e+03
3.639495547924263064e+03
3.634404253710937155e+03
3.629578627454969137e+03
3.630501461323241983e+03
3.629555193424479967e+03
3.620301573597006154e+03
3.611861555563692946e+03
3.606742435123154792e+03
3.604042440636936135e+03
3.600132344596896928e+03
3.604581168013237857e+03
3.597753942120767988e+03
3.592322336504449140e+03
3.582404618800454955e+03
3.576377433751627905e+03
3.572804878400066173e+03
3.573666121467555968e+03
3.572887975545790141e+03
3.567045276363930952e+03
3.558267409839952961e+03
3.555050002056205813e+03
3.548225157689344996e+03
3.544793327313911050e+03
3.545424953694661781e+03
3.534381445466579862e+03
3.535945010493706832e+03
3.524274577981771017e+03
3.528691412128905995e+03
3.518547400028754964e+03
3.513441975129122966e+03
3.516044074205186917e+03
3.504789980773654861e+03
3.511265144450955177e+03
3.497236673229709140e+03
3.497707029708657956e+03
3.485015158822156991e+03
3.483557631022677015e+03
3.479256996801214882e+03
3.474628130085719931e+03
3.470814942942708967e+03
3.466573837905816163e+03
3.462145890904947919e+03
3.463777454477538868e+03
3.457990380039605043e+03
3.452376526217990886e+03
3.446621109057618014e+03
3.434867863739691984e+03
3.435222277694225795e+03
3.431131267533094160e+03
3.432937613864473860e+03
3.423821263931748035e+03
3.417974944932183007e+03
3.413352155040689922e+03
3.406378763585069009e+03
3.399502149632704004e+03
3.392666399165581879e+03
3.385434879984265990e+03
3.379630838079427122e+03
3.374100441518013213e+03
3.365519851763780025e+03
3.357279112783745859e+03
3.343967634070094846e+03
3.340342935669487815e+03
3.330324817794053160e+03
3.328488056649848204e+03
3.321115460013021220e+03
3.308222610583768073e+03
3.302946606292317028e+03
3.287099190065103812e+03
3.279210955940754957e+03
3.269609893220485901e+03
3.257059563722330950e+03
3.246146858330077976e+03
3.237363270032009950e+03
3.230006127578667929e+03
3.216797538422851176e+03
3.204609003760308042e+03
3.194079141744248773e+03
3.176079807393663032e+03
3.165059325767144855e+03
3.156763237782117812e+03
3.144772604326171859e+03
3.135020243017036137e+03
3.125928268458117145e+03
3.110644670238715207e+03
3.082779321189235816e+03
3.077991157706162994e+03
3.060373281921115904e+03
3.045535047248806222e+03
3.034250851284180044e+03
3.012770101201173020e+03
3.005332127541775208e+03
2.988491995228408086e+03
2.978888179355469219e+03
2.958824218246529199e+03
2.951396651139322785e+03
2.926779014392904173e+03
2.921965950881618937e+03
2.900472375351563187e+03
2.893993446662327187e+03
2.872634586963975835e+03
2.865962531122504970e+03
2.847442432323134199e+03
2.826846011598850055e+03
2.809837013532443962e+03
2.790160368626844956e+03
2.775137297521700930e+03
2.751198417852105194e+03
2.735219545995551016e+03
2.718138284006618960e+03
2.682916880511610998e+03
2.661668800028753139e+03
2.643622535783962121e+03
2.621349274688042897e+03
2.603532948389757166e+03
2.569874516074219173e+03
2.562667792145181920e+03
2.531598502104493036e+03
2.521373428374566174e+03
2.495409814350042780e+03
2.475932863054470999e+03
2.455329415868056003e+03
2.434353758398980972e+03
2.406155665646158923e+03
2.385244735860459969e+03
2.367195252660048027e+03
2.348289760145942182e+03
2.326895079847005036e+03
2.302496008923068075e+03
2.279756226737737961e+03
2.259000454868164070e+03
2.235050084023438103e+03
2.215112910825196195e+03
2.187721630249022837e+03
2.160672769339193110e+03
2.139039739951172123e+03
2.115896800197483117e+03
2.091858236987305190e+03
2.066897782823350099e+03
2.044260599833984998e+03
2.018526400407442907e+03
1.991463485137262069e+03
1.967256132312825002e+03
1.942325620257161972e+03
1.915406116470812094e+03
1.891233884443902070e+03
1.864532460828992953e+03
1.836583984090711965e+03
1.809184773959960921e+03
1.781727938609483999e+03
1.751798963057183073e+03
1.720803821525064905e+03
1.688546019125976954e+03
1.661550591099718076e+03
1.631489415881075956e+03
1.596015406878254907e+03
1.568407394717339002e+03
1.535681440247396040e+03
1.501612262860784995e+03
1.469117120578342110e+03
1.435387709408093997e+03
1.402075167646484033e+03
1.368970177067599934e+03
1.336784246756727953e+03
1.304348669268121057e+03
1.274119695735135110e+03
1.243499430617403959e+03
1.217908906463215999e+03
1.182889870136175887e+03
1.152488253256294001e+03
1.122310941910807060e+03
1.089034040912544015e+03
1.052803809811741075e+03
1.011457943462457024e+03
2.419383936127387074e+02
2.218135004296875081e+02
2.166603106032985977e+02
2.093007502392578090e+02
2.038197934971788072e+02
2.000356281022135079e+02
1.928707046066622866e+02
1.866951894401042011e+02
1.798027509483507060e+02
1.718609061827256994e+02
1.635690987722439047e+02
1.581632711979167141e+02
1.608769007839626966e+02
1.646310200537110120e+02
1.612722372216796884e+02
1.656044695692274047e+02
1.631909809673394136e+02
1.641892606347655885e+02
1.589001255447049061e+02
1.536565219634331925e+02
1.493405842822265868e+02
1.481292122672525977e+02
1.437915138557943067e+02
1.418517332595486096e+02
1.426890589165581957e+02
1.458566065532768903e+02
1.460807002799479051e+02
1.482886297092013876e+02
1.474012173508029093e+02
1.446584794704860997e+02
1.428355501264105953e+02
1.411382721674262086e+02
1.394331447607422092e+02
1.390941260991752984e+02
1.367608762071398019e+02
1.338434859852430918e+02
1.332608232009548885e+02
1.318613178993055897e+02
1.310350037830945951e+02
1.320440045442707913e+02
1.317280143598090092e+02
1.314943155615233934e+02
1.312726053613280897e+02
1.292695877175563908e+02
1.270810309982638984e+02
1.265608866335720961e+02
1.247604640147569057e+02
1.228692302392578029e+02
1.216871312570529966e+02
1.178830664908853976e+02
1.155373266026475960e+02
1.130469457492405070e+02
1.120916743739148984e+02
1.103148770865884956e+02
1.089472512554253001e+02
1.088236204758029970e+02
1.071865067849391977e+02
1.063064279378255037e+02
1.048740015239799988e+02
1.035493896864148979e+02
1.028234609168837039e+02
1.017583496961805025e+02
9.955831966254341125e+01
9.959059261718749667e+01
9.921152451117620785e+01
9.926292361056857771e+01
9.885381641547309073e+01
9.885188686252170953e+01
9.815715711208767402e+01
9.860736894314236167e+01
9.837871451985675719e+01
9.524313083279079706e+01
9.471235569118924502e+01
9.393436805664060785e+01
9.319748659450954165e+01
9.124554972167969424e+01
9.217734616319444285e+01
9.135719010959201114e+01
9.180575315592447794e+01
9.230856701660155750e+01
9.327638041286893156e+01
9.252408520670572045e+01
9.300918100911458453e+01
9.241915106445311778e+01
9.037523234483506940e+01
8.977814329644097313e+01
8.935155909450955392e+01
8.841657527289497409e+01
8.758762039062500548e+01
8.690395616916231347e+01
8.671034285264758523e+01
8.700330231553820681e+01
8.484392211697050357e+01
8.581072233561198459e+01
8.740440918619790978e+01
8.797439275987414931e+01
8.795238777886284254e+01
8.700009268880208424e+01
8.567146347167968656e+01
8.400053039550782330e+01
8.348723102593315559e+01
8.232458447970920190e+01
8.313464644368490042e+01
8.221079417751735718e+01
8.183330596354167596e+01
8.205300211697047530e+01
8.422652797580295214e+01
8.411226657443576471e+01
8.428753760091146319e+01
8.327112983832465432e+01
8.264547624023437322e+01
8.201530302354601076e+01
8.175339853244358324e+01
8.124854992838542955e+01
8.124884811523439510e+01
8.009568168348523898e+01
7.755490382703993646e+01
7.785949308810764080e+01
7.914695636881511120e+01
7.838958582519531149e+01
7.801433568847656375e+01
7.636782177191840049e+01
7.571071744683159466e+01
7.492199242838542261e+01
7.383106542371960757e+01
7.298051849338108354e+01
7.210790145670573281e+01
7.260588677734375551e+01
7.319243958279079720e+01
7.404051053765191170e+01
7.443047662326387126e+01
7.306557559082031617e+01
7.222436654025607083e+01
7.129092488769531144e+01
7.073307231336805501e+01
6.964204347547743623e+01
6.920663793565537958e+01
6.838962636881511514e+01
6.752460547200520580e+01
6.796484680284288515e+01
6.809833270779080294e+01
6.861759803276909508e+01
6.873373818684895298e+01
6.791534750488281702e+01
6.733131836751303467e+01
6.655278291883681163e+01
6.568022270453559486e+01
6.530817766872829111e+01
6.420922517089844916e+01
6.486358666341145351e+01
6.474392114583334035e+01
6.480105637261286233e+01
6.512213375813803395e+01
6.483307824652779061e+01
6.336111841145834234e+01
6.191361407226563074e+01
6.115078074110243023e+01
6.030804196994358080e+01
5.979751678493923350e+01
5.913439141655815234e+01
5.956682291069878943e+01
5.934282412163628351e+01
5.781677367133246292e+01
5.986699201551648741e+01
6.080170394531249656e+01
6.002272489203558337e+01
5.974323682345921327e+01
5.923245022243923330e+01
5.922552081108941024e+01
5.904134826985676909e+01
5.856535775282117839e+01
5.624201188964843823e+01
5.521717572970919719e+01
5.515741829427083331e+01
5.682360138509113767e+01
5.732519822374131735e+01
5.674979652289496812e+01
5.573352420735677271e+01
5.515074631727429733e+01
5.455871509494357952e+01
5.340741997341579861e+01
5.323321137858072660e+01
5.196831532552082678e+01
5.160077567111545704e+01
5.121716928385418299e+01
5.162458166286891981e+01
5.145913637424045106e+01
5.184158754611544850e+01
5.094950215060764265e+01
5.080996967502169781e+01
4.986098062717014301e+01
4.911797090874564731e+01
4.870930907497829310e+01
4.850164757866753718e+01
4.850121497992621755e+01
4.933445213053384748e+01
4.855217650173611332e+01
4.892465533420138968e+01
4.861801361111110964e+01
4.808470460015190895e+01
4.775028326605902862e+01
4.713484421386718992e+01
4.618339489257812147e+01
4.561558038574219154e+01
4.564302604058160284e+01
4.584280721950955240e+01
4.571734844401041187e+01
4.392507706434462733e+01
4.435138594726563355e+01
4.385101929090711792e+01
4.345015275770399654e+01
4.270991701171875121e+01
4.182627239366320282e+01
4.115886113498263654e+01
4.057615518229165730e+01
4.013517228081597921e+01
4.037579826443141684e+01
4.155053291558159856e+01
4.061770744140625311e+01
4.038445774739584238e+01
3.966738569390191316e+01
3.913475397840711878e+01
3.528583139594184814e+01
3.795946482638890274e+01
3.746782686360676706e+01
3.391182027560763856e+01
3.766909356987846991e+01
3.682816528971355297e+01
3.557796983506945310e+01
3.641091922960068672e+01
3.716988009494357925e+01
3.295280834960937710e+01
3.560262915635851044e+01
3.480283546006945272e+01
3.155420926974825946e+01
3.380265157118054731e+01
3.334486988389757300e+01
3.179389247558593112e+01
3.266983567437065972e+01
3.220382387641058841e+01
3.209490580891927181e+01
3.173687737033419864e+01
3.227786883626301773e+01
3.190334390842014045e+01
3.116200858669704843e+01
3.077882496853298022e+01
3.015483263780382117e+01
3.014566309353298834e+01
2.994443961317274017e+01
2.876205080132379166e+01
2.901260212510850067e+01
2.937032710503471833e+01
2.959573463324652920e+01
2.887078603624132001e+01
2.627186045898437072e+01
2.772119634006076083e+01
2.717870673122829928e+01
2.491312636827257165e+01
2.607131825466580111e+01
2.447205955512152897e+01
2.622975097439235981e+01
2.621220838704427081e+01
2.433050613823785113e+01
2.570436120008681158e+01
2.337035423122830124e+01
2.453741490397136005e+01
2.423768018012152936e+01
2.229636327311197874e+01
2.401330482910156050e+01
2.148797872070312920e+01
2.282956362358941149e+01
2.171412020724826064e+01
2.151376286892361023e+01
2.293788155707465037e+01
2.237234068305120971e+01
2.060545695800781019e+01
1.984744770290798854e+01
2.080586303331163123e+01
1.895567039333766957e+01
2.053064336914063048e+01
1.919770729437934165e+01
2.060545552191840102e+01
1.884768281521267852e+01
1.960558141113281039e+01
1.813098422634548967e+01
1.736457258680555071e+01
1.810559792968750159e+01
1.661418605957031147e+01
1.607214167697483020e+01
1.587288245605468973e+01
1.565642034125433923e+01
1.708085992404513931e+01
1.583137977267795016e+01
1.540610768391927010e+01
1.603118963595920121e+01
1.461484103407117985e+01
1.502281167697483077e+01
1.383994883463542003e+01
1.338113959201388958e+01
1.288964923990885048e+01
1.267313882758246990e+01
1.370613277180989975e+01
1.299794186848957978e+01
1.253982282823350936e+01
1.229797385850693914e+01
1.292304540527343981e+01
1.184828052137586951e+01
1.117308761013454976e+01
1.107329027886284933e+01
1.063175236870660001e+01
1.058161055501301995e+01
1.019825730740016922e+01
1.102341137315537978e+01
1.011495943956163046e+01
9.715137897135416978e+00
9.265300603841145843e+00
8.965192135959201281e+00
9.198500502929686462e+00
8.198741309136286404e+00
8.031945186631944011e+00
7.865403973524305314e+00
