37.20271
36.22303
35.58930
35.10808
34.76728
34.51914
34.31969
34.17658
34.04663
34.18753
34.07005
33.97044
33.77004
33.70503
33.71014
33.74975
33.67808
33.54328
33.57989
33.41692
33.54879
33.48888
33.46614
33.30558
33.28812
33.26650
33.38786
33.38368
33.28306
33.09500
33.05934
33.00589
32.97730
32.93551
32.89801
32.86387
32.81979
32.77469
32.79736
32.75672
32.69147
32.68127
32.66245
32.82705
32.82064
32.79373
32.57228
32.50680
32.48595
32.62446
32.59867
32.49097
32.36157
32.37905
32.41867
32.45003
32.40339
32.22724
32.19196
32.14438
32.30145
32.26452
32.24551
32.05442
32.00996
32.00484
32.09426
32.08527
32.07209
31.86251
31.83152
31.79246
31.81887
31.75775
31.71534
31.67409
31.63687
31.60067
31.61796
31.59750
31.51869
31.49502
31.43062
31.58672
31.55741
31.52708
31.33172
31.27287
31.28581
31.39977
31.36125
31.28096
31.09326
31.00122
31.00760
31.11822
31.14519
31.11905
30.86233
30.82642
30.71305
30.80377
30.85673
30.78594
30.50536
30.47258
30.34655
30.50999
30.49051
30.39563
30.19904
30.21263
30.10972
30.07405
29.95982
29.83496
29.85543
29.72024
29.60307
29.59823
29.49157
29.43612
29.26907
29.15116
29.08011
29.22588
29.21082
29.13520
28.89590
28.75198
28.74296
28.78606
28.82256
28.63813
28.41624
28.24440
28.20996
28.31554
28.41683
28.21726
27.89986
27.69998
27.82582
27.89721
27.91052
27.84268
27.46271
27.43227
27.35127
27.55920
27.61069
27.59251
27.09533
27.22589
27.10729
26.99298
27.52707
27.17517
26.84469
26.86718
26.79925
26.74040
26.75407
26.68851
26.56393
26.46313
26.22058
26.44036
26.16873
26.23725
26.05509
25.72758
25.63926
25.54457
25.71047
25.62528
25.54471
25.22396
25.13619
25.01646
25.14023
25.14129
25.01977
24.68764
24.58035
24.43739
24.47442
24.60285
24.44618
24.13171
24.00634
23.87776
23.75884
23.85814
23.94127
23.70942
23.36921
23.16277
22.97566
22.63581
22.62654
22.24797
21.89908
21.52536
21.17510
20.90387
20.72246
20.50200
20.23811
20.01322
19.81331
19.87384
19.81227
19.58771
19.15143
18.90305
18.72802
18.53346
18.64136
18.53253
18.38800
17.95049
17.80140
17.62069
17.69723
17.56012
17.39078
17.00359
16.80653
16.64712
16.52823
16.63780
16.52282
16.34490
15.95248
15.87148
15.73523
15.64323
15.78213
15.72363
15.60181
15.16105
15.24720
15.05405
14.94302
14.94140
14.85493
14.68343
14.58581
14.50833
14.46380
14.39704
14.36436
14.34902
14.22437
14.16182
13.90074
13.78057
13.97496
14.02985
13.98494
35.06084
32.24272
30.33672
29.34777
28.71545
28.31015
28.02312
27.85251
27.75170
27.62321
27.48992
27.28971
27.24092
27.27800
27.19134
27.12985
27.05306
26.99834
27.08141
27.09750
27.09483
27.11561
27.05905
26.98226
27.02987
27.11537
27.16479
27.15139
27.14475
27.04960
27.07044
27.09530
27.11337
27.12285
27.10392
27.03669
27.00227
27.01755
26.99768
26.95756
26.89334
26.82548
26.79521
26.83681
26.83496
26.86529
26.83125
26.77455
26.72594
26.73610
26.72864
26.71335
26.68182
26.57213
26.58548
26.63318
26.63158
26.62627
26.58050
26.55402
26.54711
26.62792
26.68697
26.74264
26.71812
26.62249
26.43493
26.46448
26.46582
26.45897
26.46550
26.43157
26.40120
26.39195
26.40350
26.39674
26.38838
26.30511
26.27105
26.31109
26.31483
26.34609
26.35589
26.22450
26.26808
26.29715
26.33220
26.36925
26.41739
26.26232
26.10639
26.08845
26.06862
26.06329
26.07528
26.00190
25.98325
25.99094
26.00102
25.99529
25.99972
25.96697
25.95308
25.98957
25.95147
25.95035
25.93840
25.92519
25.91555
25.93561
25.92200
25.89044
25.88610
25.87748
25.88837
25.90986
25.91668
25.88339
25.88194
25.85596
25.79543
25.80607
25.78009
25.75764
25.76143
25.73736
25.68431
25.69929
25.65542
25.66742
25.71058
25.66771
25.62362
25.58318
25.56345
25.59598
25.57832
25.57806
25.51196
25.48442
25.50365
25.52119
25.50448
25.50206
25.46226
25.45988
25.41924
25.40960
25.40132
25.38833
25.34390
25.32310
25.34166
25.33254
25.33725
25.36581
25.32221
25.26481
25.25717
25.26214
25.27105
25.29344
25.22456
25.19564
25.20426
25.19944
25.18178
25.20204
25.19856
25.27735
25.29547
25.24571
25.25712
25.23447
25.16738
24.96707
25.01174
24.86202
24.86302
24.88396
24.88258
36.77170
35.63747
34.56488
33.85038
33.37832
32.96715
32.73627
32.58206
32.41430
32.23382
32.13150
32.00968
31.87217
31.75290
31.70604
31.68117
31.56552
31.45425
31.36233
31.29419
31.24853
31.21282
31.13388
31.04638
31.02255
31.01906
30.96767
30.89023
30.82419
30.81132
30.76906
30.72574
30.73504
30.63349
30.57564
30.56924
30.54765
30.52220
30.48589
30.39266
30.38649
30.36581
30.35001
30.28889
30.30049
30.23085
30.24341
30.19888
30.21163
30.16230
30.15890
30.10592
30.06532
30.02151
30.00904
29.99051
29.96410
29.91042
29.85402
29.85047
29.83163
29.80071
29.80630
29.75602
29.70373
29.66263
29.62052
29.68505
29.66755
29.67856
29.62393
29.60211
29.58326
29.58806
29.55810
29.51865
29.50513
29.51701
29.55075
29.51203
29.44575
29.42559
29.38393
29.37071
29.33961
29.39301
29.34808
29.30225
29.11517
29.09340
29.08581
29.10207
29.11890
29.14333
29.02919
28.99254
28.99989
28.97438
29.03469
28.98304
28.91847
28.87474
28.93277
28.91105
28.91841
28.96362
28.91335
28.92133
28.92249
28.98839
28.87152
28.75883
28.69938
28.64556
28.62264
28.66045
28.74053
28.65482
28.61656
28.57191
28.55213
28.61814
28.62662
28.58612
28.50506
28.50340
28.48674
28.51954
28.58240
28.58159
28.51330
28.50286
28.50801
28.48180
28.48440
28.47226
28.42864
28.41686
28.40305
28.37069
28.41211
28.36728
28.34880
28.32844
28.32331
28.31351
28.33866
28.30913
28.25137
28.23495
28.24336
28.23469
28.22613
28.19258
28.17204
28.11110
28.11518
28.13132
28.19676
28.18437
28.11749
28.13266
28.02905
28.02667
28.03148
28.06431
27.99707
27.95772
27.92223
27.91638
27.95226
27.94183
27.87029
27.82689
27.78528
27.75411
27.89999
27.86396
27.78066
27.77488
27.73809
27.72748
27.80459
27.79958
27.72833
27.67734
27.66824
27.70283
27.82278
27.85994
27.80012
27.75260
27.75206
27.71557
27.79909
27.78768
27.55869
27.50134
27.38704
27.29572
27.46615
27.49224
35.53422
34.23352
33.32804
32.72731
32.31167
32.22121
32.06960
31.78917
31.60871
31.43520
31.36526
31.49226
31.44771
31.30954
31.22809
31.18708
31.18109
31.34580
31.27713
31.13203
31.04367
31.07727
31.21932
31.28701
31.16910
31.10153
31.01463
31.02465
31.10935
31.01863
30.83509
30.66349
30.51057
30.68431
30.78902
